0 -1 -1
0 2073 -1
0 2073 278
0 2073 278
0 2073 278
0 2073 278
0 2073 278
0 2073 278
0 2073 278
0 2073 279
0 2073 279
0 2073 279
0 2073 279
0 2073 279
0 2073 279
0 2073 282
0 2073 282
0 2073 282
0 2073 288
0 2073 288
0 2073 288
0 2072 288
0 2072 301
0 2072 301
0 2072 301
0 2072 301
0 2072 301
0 2072 301
0 2069 301
0 2069 315
0 2069 315
0 2069 315
0 2069 315
0 2069 315
0 2069 315
0 2067 315
0 2067 324
0 2067 324
0 2067 324
0 2067 324
0 2067 324
0 2065 324
0 2065 333
0 2065 333
0 2065 333
0 2065 333
0 2065 333
0 2063 333
0 2063 342
0 2063 342
0 2063 342
0 2063 342
0 2063 342
0 2061 342
0 2061 352
0 2061 352
0 2061 352
0 2061 352
0 2061 352
0 2061 352
0 2058 352
0 2058 367
0 2058 367
0 2058 367
0 2058 367
0 2058 367
0 2055 367
0 2055 380
0 2055 380
0 2055 380
0 2055 380
0 2055 380
0 2055 380
0 2053 380
0 2053 389
0 2053 389
0 2053 389
0 2053 389
0 2053 389
0 2052 389
0 2052 395
0 2052 395
0 2052 395
0 2052 395
0 2052 395
0 2050 395
0 2050 402
0 2050 402
0 2050 402
0 2050 402
0 2050 402
0 2048 402
0 2048 412
0 2048 412
0 2048 412
0 2048 412
0 2048 412
0 2048 412
0 2046 412
0 2046 425
0 2046 425
0 2046 425
0 2046 425
0 2046 425
0 2043 425
0 2043 439
0 2043 439
0 2043 439
0 2043 439
0 2043 439
0 2041 439
0 2041 448
0 2041 448
0 2041 448
0 2041 448
0 2041 448
0 2041 448
0 2039 448
0 2039 457
0 2039 457
0 2039 457
0 2039 457
0 2039 457
0 2037 457
0 2037 471
0 2037 471
0 2037 471
0 2037 471
0 2037 471
0 2033 471
0 2033 494
0 2033 494
0 2033 494
0 2033 494
0 2033 494
0 2033 494
0 2030 494
0 2030 512
0 2030 512
0 2030 512
0 2030 512
0 2030 512
0 2030 512
0 2029 512
0 2029 526
0 2029 526
0 2029 526
0 2029 526
0 2029 526
0 2029 526
0 2027 526
0 2027 551
0 2027 551
0 2027 551
0 2027 551
0 2027 551
0 2025 551
0 2025 574
0 2025 574
0 2025 574
0 2025 574
0 2025 574
0 2025 574
0 2024 574
0 2024 593
0 2024 593
0 2024 593
0 2024 593
0 2024 593
0 2024 593
0 2023 593
0 2023 620
0 2023 620
0 2023 620
0 2023 620
0 2023 620
0 2023 620
0 2022 620
0 2022 643
0 2022 643
0 2022 643
0 2022 643
0 2022 643
0 2022 663
0 2022 663
0 2022 663
0 2021 663
0 2021 691
0 2021 691
0 2021 691
0 2021 691
0 2021 691
0 2020 691
0 2020 710
0 2020 710
0 2020 710
0 2020 710
0 2020 710
0 2018 710
0 2018 733
0 2018 733
0 2018 733
0 2018 733
0 2018 733
0 2017 733
0 2017 761
0 2017 761
0 2017 761
0 2017 761
0 2017 761
0 2016 761
0 2016 780
0 2016 780
0 2016 780
0 2016 780
0 2016 780
0 2016 803
0 2016 803
0 2016 803
0 2016 803
0 2015 803
0 2015 825
0 2015 825
0 2015 825
0 2015 825
0 2015 825
0 2015 825
0 2014 825
0 2014 843
0 2014 843
0 2014 843
0 2014 843
0 2014 843
0 2014 843
0 2013 843
0 2013 866
0 2013 866
0 2013 866
0 2013 866
0 2013 866
0 2012 866
0 2012 885
0 2012 885
0 2012 885
0 2012 885
0 2012 885
0 2012 885
0 2010 885
0 2010 904
0 2010 904
0 2010 904
0 2010 904
0 2010 904
0 2010 904
0 2007 904
0 2007 927
0 2007 927
0 2007 927
0 2007 927
0 2007 927
0 2004 927
0 2004 946
0 2004 946
0 2004 946
0 2004 946
0 2004 946
0 2004 946
0 2002 946
0 2002 965
0 2002 965
0 2002 965
0 2002 965
0 2002 965
0 1997 965
0 1997 987
0 1997 987
0 1997 987
0 1997 987
0 1997 987
0 1992 987
0 1992 1010
0 1992 1010
0 1992 1010
0 1992 1010
0 1992 1010
0 1988 1010
0 1988 1029
0 1988 1029
0 1988 1029
0 1988 1029
0 1988 1029
0 1982 1029
0 1982 1052
0 1982 1052
0 1982 1052
0 1982 1052
0 1982 1052
0 1976 1052
0 1976 1074
0 1976 1074
0 1976 1074
0 1976 1074
0 1976 1074
0 1971 1074
0 1971 1091
0 1971 1091
0 1971 1091
0 1971 1091
0 1971 1091
0 1967 1091
0 1967 1110
0 1967 1110
0 1967 1110
0 1967 1110
0 1967 1110
0 1962 1110
0 1962 1132
0 1962 1132
0 1962 1132
0 1962 1132
0 1962 1132
0 1958 1132
0 1958 1150
0 1958 1150
0 1958 1150
0 1958 1150
0 1958 1150
0 1955 1150
0 1955 1163
0 1955 1163
0 1955 1163
0 1955 1163
0 1955 1163
0 1951 1163
0 1951 1181
0 1951 1181
0 1951 1181
0 1951 1181
0 1951 1181
0 1948 1181
0 1948 1200
0 1948 1200
0 1948 1200
0 1948 1200
0 1948 1200
0 1945 1200
0 1945 1214
0 1945 1214
0 1945 1214
0 1945 1214
0 1945 1214
0 1940 1214
0 1940 1227
0 1940 1227
0 1940 1227
0 1940 1227
0 1940 1227
0 1935 1227
0 1935 1241
0 1935 1241
0 1935 1241
0 1935 1241
0 1935 1241
0 1935 1241
0 1930 1241
0 1930 1254
0 1930 1254
0 1930 1254
0 1930 1254
0 1930 1254
0 1925 1254
0 1925 1268
0 1925 1268
0 1925 1268
0 1925 1268
0 1925 1268
0 1925 1268
0 1921 1268
0 1921 1277
0 1921 1277
0 1921 1277
0 1921 1277
0 1921 1277
0 1917 1277
0 1917 1286
0 1917 1286
0 1917 1286
0 1917 1286
0 1917 1286
0 1912 1286
0 1912 1299
0 1912 1299
0 1912 1299
0 1912 1299
0 1912 1299
0 1907 1299
0 1907 1316
0 1907 1316
0 1907 1316
0 1907 1316
0 1907 1316
0 1907 1316
0 1903 1316
0 1903 1330
0 1903 1330
0 1903 1330
0 1903 1330
0 1903 1330
0 1903 1330
0 1901 1330
0 1901 1339
0 1901 1339
0 1901 1339
0 1901 1339
0 1901 1339
0 1899 1339
0 1899 1348
0 1899 1348
0 1899 1348
0 1899 1348
0 1899 1348
0 1896 1348
0 1896 1362
0 1896 1362
0 1896 1362
0 1896 1362
0 1896 1362
0 1893 1362
0 1893 1382
0 1893 1382
0 1893 1382
0 1893 1382
0 1893 1382
0 1890 1382
0 1890 1397
0 1890 1397
0 1890 1397
0 1890 1397
0 1890 1397
0 1888 1397
0 1888 1406
0 1888 1406
0 1888 1406
0 1888 1406
0 1888 1406
0 1886 1406
0 1886 1415
0 1886 1415
0 1886 1415
0 1886 1415
0 1886 1415
0 1883 1415
0 1883 1433
0 1883 1433
0 1883 1433
0 1883 1433
0 1883 1433
0 1883 1433
0 1880 1433
0 1880 1451
0 1880 1451
0 1880 1451
0 1880 1451
0 1880 1451
0 1880 1451
0 1879 1451
0 1879 1461
0 1879 1461
0 1879 1461
0 1879 1461
0 1879 1461
0 1877 1461
0 1877 1475
0 1877 1475
0 1877 1475
0 1877 1475
0 1877 1475
0 1874 1475
0 1874 1489
0 1874 1489
0 1874 1489
0 1874 1489
0 1874 1489
0 1874 1489
0 1872 1489
0 1872 1504
0 1872 1504
0 1872 1504
0 1872 1504
0 1872 1504
0 1871 1504
0 1871 1518
0 1871 1518
0 1871 1518
0 1871 1518
0 1871 1518
0 1871 1518
0 1870 1518
0 1870 1527
0 1870 1527
0 1870 1527
0 1870 1527
0 1870 1527
0 1869 1527
0 1869 1536
0 1869 1536
0 1869 1536
0 1869 1536
0 1869 1536
0 1867 1536
0 1867 1550
0 1867 1550
0 1867 1550
0 1867 1550
0 1867 1550
0 1865 1550
0 1865 1564
0 1865 1564
0 1865 1564
0 1865 1564
0 1865 1564
0 1865 1564
0 1863 1564
0 1863 1578
0 1863 1578
0 1863 1578
0 1863 1578
0 1863 1578
0 1863 1578
0 1862 1578
0 1862 1589
0 1862 1589
0 1862 1589
0 1862 1589
0 1862 1589
0 1862 1596
0 1862 1596
0 1862 1596
0 1860 1596
0 1860 1605
0 1860 1605
0 1860 1605
0 1860 1605
0 1860 1605
0 1859 1605
0 1859 1615
0 1859 1615
0 1859 1615
0 1859 1615
0 1859 1615
0 1859 1615
0 1857 1615
0 1857 1625
0 1857 1625
0 1857 1625
0 1857 1625
0 1857 1625
0 1855 1625
0 1855 1635
0 1855 1635
0 1855 1635
0 1855 1635
0 1855 1635
0 1855 1635
0 1853 1635
0 1853 1645
0 1853 1645
0 1853 1645
0 1853 1645
0 1853 1645
0 1851 1645
0 1851 1655
0 1851 1655
0 1851 1655
0 1851 1655
0 1851 1655
0 1850 1655
0 1850 1664
0 1850 1664
0 1850 1664
0 1850 1664
0 1850 1664
0 1849 1664
0 1849 1673
0 1849 1673
0 1849 1673
0 1849 1673
0 1849 1673
0 1847 1673
0 1847 1682
0 1847 1682
0 1847 1682
0 1847 1682
0 1847 1682
0 1847 1682
0 1845 1682
0 1845 1691
0 1845 1691
0 1845 1691
0 1845 1691
0 1845 1691
0 1843 1691
0 1843 1701
0 1843 1701
0 1843 1701
0 1843 1701
0 1843 1701
0 1843 1701
0 1841 1701
0 1841 1710
0 1841 1710
0 1841 1710
0 1841 1710
0 1841 1710
0 1840 1710
0 1840 1716
0 1840 1716
0 1840 1716
0 1840 1716
0 1840 1716
0 1838 1716
0 1838 1723
0 1838 1723
0 1838 1723
0 1838 1723
0 1838 1723
0 1836 1723
0 1836 1732
0 1836 1732
0 1836 1732
0 1836 1732
0 1836 1732
0 1834 1732
0 1834 1745
0 1834 1745
0 1834 1745
0 1834 1745
0 1834 1745
0 1834 1745
0 1832 1745
0 1832 1756
0 1832 1756
0 1832 1756
0 1832 1756
0 1832 1756
0 1832 1756
0 1832 1756
0 1830 1756
0 1830 1762
0 1830 1762
0 1830 1762
0 1830 1762
0 1830 1762
0 1826 1762
0 1826 1775
0 1826 1775
0 1826 1775
0 1826 1775
