0 -1 -1
0 -1 -1
0 3494 -1
0 3494 962
0 3494 962
0 3494 962
0 3494 962
0 3494 962
0 3494 962
0 3494 962
0 3494 962
0 3494 962
0 3494 962
0 3494 962
0 3493 962
0 3493 962
0 3493 962
0 3492 962
0 3492 962
0 3492 962
0 3492 962
0 3490 962
0 3490 962
0 3490 962
0 3488 962
0 3488 962
0 3488 962
0 3484 962
0 3484 962
0 3484 962
0 3480 962
0 3480 962
0 3480 962
0 3474 962
0 3474 962
0 3474 962
0 3465 962
0 3465 962
0 3465 962
0 3458 962
0 3458 962
0 3458 962
0 3452 962
0 3452 962
0 3452 962
0 3445 962
0 3445 961
0 3445 961
0 3445 961
0 3445 961
0 3445 961
0 3439 961
0 3439 961
0 3439 961
0 3430 961
0 3430 960
0 3430 960
0 3430 960
0 3430 960
0 3430 960
0 3415 960
0 3415 959
0 3415 959
0 3415 959
0 3415 959
0 3415 959
0 3396 959
0 3396 958
0 3396 958
0 3396 958
0 3396 958
0 3396 958
0 3382 958
0 3382 956
0 3382 956
0 3382 956
0 3382 956
0 3382 956
0 3364 956
0 3364 955
0 3364 955
0 3364 955
0 3364 955
0 3364 955
0 3340 955
0 3340 954
0 3340 954
0 3340 954
0 3340 954
0 3340 954
0 3325 954
0 3325 953
0 3325 953
0 3325 953
0 3325 953
0 3325 953
0 3306 953
0 3306 952
0 3306 952
0 3306 952
0 3306 952
0 3306 952
0 3276 952
0 3276 951
0 3276 951
0 3276 951
0 3276 951
0 3276 951
0 3248 951
0 3248 951
0 3248 951
0 3217 951
0 3217 949
0 3217 949
0 3217 949
0 3217 949
0 3217 949
0 3195 949
0 3195 947
0 3195 947
0 3195 947
0 3195 947
0 3195 947
0 3195 947
0 3171 947
0 3171 945
0 3171 945
0 3171 945
0 3171 945
0 3171 945
0 3139 945
0 3139 942
0 3139 942
0 3139 942
0 3139 942
0 3139 942
0 3139 942
0 3107 942
0 3107 939
0 3107 939
0 3107 939
0 3107 939
0 3107 939
0 3076 939
0 3076 937
0 3076 937
0 3076 937
0 3076 937
0 3076 937
0 3050 937
0 3050 935
0 3050 935
0 3050 935
0 3050 935
0 3050 935
0 3022 935
0 3022 933
0 3022 933
0 3022 933
0 3022 933
0 3022 933
0 2989 933
0 2989 931
0 2989 931
0 2989 931
0 2989 931
0 2989 931
0 2954 931
0 2954 928
0 2954 928
0 2954 928
0 2954 928
0 2954 928
0 2921 928
0 2921 926
0 2921 926
0 2921 926
0 2921 926
0 2921 926
0 2888 926
0 2888 924
0 2888 924
0 2888 924
0 2888 924
0 2888 924
0 2850 924
0 2850 922
0 2850 922
0 2850 922
0 2850 922
0 2850 922
0 2817 922
0 2817 919
0 2817 919
0 2817 919
0 2817 919
0 2817 919
0 2817 919
0 2779 919
0 2779 917
0 2779 917
0 2779 917
0 2779 917
0 2779 917
0 2737 917
0 2737 913
0 2737 913
0 2737 913
0 2737 913
0 2737 913
0 2699 913
0 2699 909
0 2699 909
0 2699 909
0 2699 909
0 2699 909
0 2661 909
0 2661 905
0 2661 905
0 2661 905
0 2661 905
0 2661 905
0 2622 905
0 2622 902
0 2622 902
0 2622 902
0 2622 902
0 2622 902
0 2580 902
0 2580 900
0 2580 900
0 2580 900
0 2580 900
0 2580 900
0 2538 900
0 2538 898
0 2538 898
0 2538 898
0 2538 898
0 2538 898
0 2500 898
0 2500 895
0 2500 895
0 2500 895
0 2500 895
0 2500 895
0 2456 895
0 2456 893
0 2456 893
0 2456 893
0 2456 893
0 2456 893
0 2414 893
0 2414 892
0 2414 892
0 2414 892
0 2414 892
0 2414 892
0 2377 892
0 2377 891
0 2377 891
0 2377 891
0 2377 891
0 2377 891
0 2334 891
0 2334 890
0 2334 890
0 2334 890
0 2334 890
0 2334 890
0 2296 890
0 2296 889
0 2296 889
0 2296 889
0 2296 889
0 2296 889
0 2258 889
0 2258 887
0 2258 887
0 2258 887
0 2258 887
0 2258 887
0 2213 887
0 2213 887
0 2213 887
0 2176 887
0 2176 887
0 2176 887
0 2136 887
0 2136 887
0 2136 887
0 2091 887
0 2091 886
0 2091 886
0 2091 886
0 2091 886
0 2091 886
0 2057 886
0 2057 886
0 2057 886
0 2015 886
0 2015 887
0 2015 887
0 2015 887
0 2015 887
0 2015 887
0 1971 887
0 1971 888
0 1971 888
0 1971 888
0 1971 888
0 1971 888
0 1935 888
0 1935 888
0 1935 888
0 1898 888
0 1898 888
0 1898 888
0 1860 888
0 1860 889
0 1860 889
0 1860 889
0 1860 889
0 1860 889
0 1819 889
0 1819 889
0 1819 889
0 1784 889
0 1784 890
0 1784 890
0 1784 890
0 1784 890
0 1784 890
0 1752 890
0 1752 891
0 1752 891
0 1752 891
0 1752 891
0 1752 891
0 1716 891
0 1716 893
0 1716 893
0 1716 893
0 1716 893
0 1716 893
0 1684 893
0 1684 896
0 1684 896
0 1684 896
0 1684 896
0 1684 896
0 1654 896
0 1654 898
0 1654 898
0 1654 898
0 1654 898
0 1654 898
0 1620 898
0 1620 900
0 1620 900
0 1620 900
0 1620 900
0 1620 900
0 1584 900
0 1584 901
0 1584 901
0 1584 901
0 1584 901
0 1584 901
0 1553 901
0 1553 900
0 1553 900
0 1553 900
0 1553 900
0 1553 900
0 1525 900
0 1525 901
0 1525 901
0 1525 901
0 1525 901
0 1525 901
0 1493 901
0 1493 904
0 1493 904
0 1493 904
0 1493 904
0 1493 904
0 1461 904
0 1461 905
0 1461 905
0 1461 905
0 1461 905
0 1461 905
0 1433 905
0 1433 907
0 1433 907
0 1433 907
0 1433 907
0 1433 907
0 1408 907
0 1408 909
0 1408 909
0 1408 909
0 1408 909
0 1408 909
0 1380 909
0 1380 912
0 1380 912
0 1380 912
0 1380 912
0 1380 912
0 1352 912
0 1352 913
0 1352 913
0 1352 913
0 1352 913
0 1352 913
0 1329 913
0 1329 914
0 1329 914
0 1329 914
0 1329 914
0 1329 914
0 1302 914
0 1302 915
0 1302 915
0 1302 915
0 1302 915
0 1302 915
0 1285 915
0 1285 917
0 1285 917
0 1285 917
0 1285 917
0 1285 917
0 1285 917
0 1265 917
0 1265 919
0 1265 919
0 1265 919
0 1265 919
0 1265 919
0 1237 919
0 1237 920
0 1237 920
0 1237 920
0 1237 920
0 1237 920
0 1214 920
0 1214 922
0 1214 922
0 1214 922
0 1214 922
0 1214 922
0 1192 922
0 1192 923
0 1192 923
0 1192 923
0 1192 923
0 1192 923
0 1169 923
0 1169 924
0 1169 924
0 1169 924
0 1169 924
0 1169 924
0 1156 924
0 1156 925
0 1156 925
0 1156 925
0 1156 925
0 1156 925
0 1142 925
0 1142 926
0 1142 926
0 1142 926
0 1142 926
0 1142 926
0 1119 926
0 1119 927
0 1119 927
0 1119 927
0 1119 927
0 1119 927
0 1101 927
0 1101 927
0 1101 927
0 1092 927
0 1092 928
0 1092 928
0 1092 928
0 1092 928
0 1092 928
0 1077 928
0 1077 929
0 1077 929
0 1077 929
0 1077 929
0 1077 929
0 1054 929
0 1054 929
0 1054 929
0 1038 929
0 1038 929
0 1038 929
0 1032 929
0 1032 930
0 1032 930
0 1032 930
0 1032 930
0 1032 930
0 1023 930
0 1023 931
0 1023 931
0 1023 931
0 1023 931
0 1023 931
0 1009 931
0 1009 931
0 1009 931
0 990 931
0 990 931
0 990 931
0 978 931
0 978 931
0 978 931
0 972 931
0 972 931
0 972 931
0 963 931
0 963 931
0 963 931
0 953 931
0 953 931
0 953 931
0 939 931
0 939 932
0 939 932
0 939 932
0 939 932
0 939 932
0 924 932
0 924 932
0 924 932
0 915 932
0 915 932
0 915 932
0 908 932
0 908 932
0 908 932
0 904 932
0 904 932
0 904 932
0 898 932
0 898 932
0 898 932
0 891 932
0 891 932
0 891 932
0 884 932
0 884 932
0 884 932
0 874 932
0 874 932
0 874 932
0 860 932
0 860 932
0 860 932
0 849 932
0 849 932
0 849 932
0 845 932
0 845 932
0 845 932
0 841 932
0 841 932
0 841 932
0 837 932
0 837 932
0 837 932
0 833 932
0 833 932
0 833 932
0 826 932
0 826 932
0 826 932
0 812 932
0 812 932
0 812 932
0 799 932
0 799 932
0 799 932
0 792 932
0 792 932
0 792 932
0 786 932
0 786 932
0 786 932
0 779 932
0 779 931
0 779 931
0 779 931
0 779 931
0 779 931
0 772 931
0 772 931
0 772 931
0 758 931
0 758 931
0 758 931
0 738 931
0 738 931
0 738 931
0 718 931
0 718 931
0 718 931
0 694 931
0 694 931
0 694 931
0 694 931
0 646 931
0 646 930
