0 652 948
0 652 948
0 652 948
0 652 948
0 652 948
0 652 948
0 652 948
0 653 948
0 653 948
0 653 948
0 653 948
0 656 948
0 656 947
0 656 947
0 656 947
0 656 947
0 656 947
0 659 947
0 659 947
0 659 947
0 665 947
0 665 946
0 665 946
0 665 946
0 665 946
0 665 946
0 679 946
0 679 945
0 679 945
0 679 945
0 679 945
0 679 945
0 697 945
0 697 944
0 697 944
0 697 944
0 697 944
0 697 944
0 708 944
0 708 943
0 708 943
0 708 943
0 708 943
0 708 943
0 715 943
0 715 943
0 715 943
0 730 943
0 730 944
0 730 944
0 730 944
0 730 944
0 730 944
0 754 944
0 754 944
0 754 944
0 772 944
0 772 943
0 772 943
0 772 943
0 772 943
0 772 943
0 787 943
0 787 944
0 787 944
0 787 944
0 787 944
0 787 944
0 811 944
0 811 944
0 811 944
0 830 944
0 830 944
0 830 944
0 845 944
0 845 944
0 845 944
0 868 944
0 868 944
0 868 944
0 892 944
0 892 944
0 892 944
0 912 944
0 912 945
0 912 945
0 912 945
0 912 945
0 912 945
0 935 945
0 935 948
0 935 948
0 935 948
0 935 948
0 935 948
0 935 948
0 959 948
0 959 950
0 959 950
0 959 950
0 959 950
0 959 950
0 982 950
0 982 953
0 982 953
0 982 953
0 982 953
0 982 953
0 1010 953
0 1010 956
0 1010 956
0 1010 956
0 1010 956
0 1010 956
0 1038 956
0 1038 960
0 1038 960
0 1038 960
0 1038 960
0 1038 960
0 1065 960
0 1065 963
0 1065 963
0 1065 963
0 1065 963
0 1065 963
0 1089 963
0 1089 966
0 1089 966
0 1089 966
0 1089 966
0 1089 966
0 1117 966
0 1117 970
0 1117 970
0 1117 970
0 1117 970
0 1117 970
0 1117 970
0 1150 970
0 1150 975
0 1150 975
0 1150 975
0 1150 975
0 1150 975
0 1182 975
0 1182 979
0 1182 979
0 1182 979
0 1182 979
0 1182 979
0 1212 979
0 1212 982
0 1212 982
0 1212 982
0 1212 982
0 1212 982
0 1240 982
0 1240 985
0 1240 985
0 1240 985
0 1240 985
0 1240 985
0 1273 985
0 1273 988
0 1273 988
0 1273 988
0 1273 988
0 1273 988
0 1306 988
0 1306 991
0 1306 991
0 1306 991
0 1306 991
0 1306 991
0 1338 991
0 1338 993
0 1338 993
0 1338 993
0 1338 993
0 1338 993
0 1366 993
0 1366 994
0 1366 994
0 1366 994
0 1366 994
0 1366 994
0 1398 994
0 1398 996
0 1398 996
0 1398 996
0 1398 996
0 1398 996
0 1431 996
0 1431 998
0 1431 998
0 1431 998
0 1431 998
0 1431 998
0 1460 998
0 1460 1000
0 1460 1000
0 1460 1000
0 1460 1000
0 1460 1000
0 1488 1000
0 1488 1002
0 1488 1002
0 1488 1002
0 1488 1002
0 1488 1002
0 1521 1002
0 1521 1004
0 1521 1004
0 1521 1004
0 1521 1004
0 1521 1004
0 1555 1004
0 1555 1007
0 1555 1007
0 1555 1007
0 1555 1007
0 1555 1007
0 1584 1007
0 1584 1011
0 1584 1011
0 1584 1011
0 1584 1011
0 1584 1011
0 1584 1011
0 1613 1011
0 1613 1014
0 1613 1014
0 1613 1014
0 1613 1014
0 1613 1014
0 1644 1014
0 1644 1018
0 1644 1018
0 1644 1018
0 1644 1018
0 1644 1018
0 1676 1018
0 1676 1021
0 1676 1021
0 1676 1021
0 1676 1021
0 1676 1021
0 1708 1021
0 1708 1024
0 1708 1024
0 1708 1024
0 1708 1024
0 1708 1024
0 1736 1024
0 1736 1026
0 1736 1026
0 1736 1026
0 1736 1026
0 1736 1026
0 1768 1026
0 1768 1029
0 1768 1029
0 1768 1029
0 1768 1029
0 1768 1029
0 1799 1029
0 1799 1032
0 1799 1032
0 1799 1032
0 1799 1032
0 1799 1032
0 1828 1032
0 1828 1035
0 1828 1035
0 1828 1035
0 1828 1035
0 1828 1035
0 1857 1035
0 1857 1037
0 1857 1037
0 1857 1037
0 1857 1037
0 1857 1037
0 1857 1037
0 1889 1037
0 1889 1040
0 1889 1040
0 1889 1040
0 1889 1040
0 1889 1040
0 1916 1040
0 1916 1041
0 1916 1041
0 1916 1041
0 1916 1041
0 1916 1041
0 1944 1041
0 1944 1042
0 1944 1042
0 1944 1042
0 1944 1042
0 1944 1042
0 1976 1042
0 1976 1043
0 1976 1043
0 1976 1043
0 1976 1043
0 1976 1043
0 2000 1043
0 2000 1043
0 2000 1043
0 2029 1043
0 2029 1043
0 2029 1043
0 2058 1043
0 2058 1044
0 2058 1044
0 2058 1044
0 2058 1044
0 2058 1044
0 2089 1044
0 2089 1045
0 2089 1045
0 2089 1045
0 2089 1045
0 2089 1045
0 2111 1045
0 2111 1046
0 2111 1046
0 2111 1046
0 2111 1046
0 2111 1046
0 2135 1046
0 2135 1046
0 2135 1046
0 2165 1046
0 2165 1046
0 2165 1046
0 2190 1046
0 2190 1045
0 2190 1045
0 2190 1045
0 2190 1045
0 2190 1045
0 2219 1045
0 2219 1044
0 2219 1044
0 2219 1044
0 2219 1044
0 2219 1044
0 2238 1044
0 2238 1044
0 2238 1044
0 2265 1044
0 2265 1043
0 2265 1043
0 2265 1043
0 2265 1043
0 2265 1043
0 2297 1043
0 2297 1042
0 2297 1042
0 2297 1042
0 2297 1042
0 2297 1042
0 2320 1042
0 2320 1041
0 2320 1041
0 2320 1041
0 2320 1041
0 2320 1041
0 2348 1041
0 2348 1041
0 2348 1041
0 2366 1041
0 2366 1041
0 2366 1041
0 2393 1041
0 2393 1040
0 2393 1040
0 2393 1040
0 2393 1040
0 2393 1040
0 2423 1040
0 2423 1039
0 2423 1039
0 2423 1039
0 2423 1039
0 2423 1039
0 2442 1039
0 2442 1039
0 2442 1039
0 2469 1039
0 2469 1037
0 2469 1037
0 2469 1037
0 2469 1037
0 2469 1037
0 2469 1037
0 2491 1037
0 2491 1035
0 2491 1035
0 2491 1035
0 2491 1035
0 2491 1035
0 2505 1035
0 2505 1033
0 2505 1033
0 2505 1033
0 2505 1033
0 2505 1033
0 2530 1033
0 2530 1031
0 2530 1031
0 2530 1031
0 2530 1031
0 2530 1031
0 2550 1031
0 2550 1030
0 2550 1030
0 2550 1030
0 2550 1030
0 2550 1030
0 2569 1030
0 2569 1029
0 2569 1029
0 2569 1029
0 2569 1029
0 2569 1029
0 2597 1029
0 2597 1028
0 2597 1028
0 2597 1028
0 2597 1028
0 2597 1028
0 2615 1028
0 2615 1027
0 2615 1027
0 2615 1027
0 2615 1027
0 2615 1027
0 2628 1027
0 2628 1027
0 2628 1027
0 2647 1027
0 2647 1027
0 2647 1027
0 2666 1027
0 2666 1026
0 2666 1026
0 2666 1026
0 2666 1026
0 2666 1026
0 2681 1026
0 2681 1025
0 2681 1025
0 2681 1025
0 2681 1025
0 2681 1025
0 2695 1025
0 2695 1024
0 2695 1024
0 2695 1024
0 2695 1024
0 2695 1024
0 2715 1024
0 2715 1023
0 2715 1023
0 2715 1023
0 2715 1023
0 2715 1023
0 2734 1023
0 2734 1023
0 2734 1023
0 2748 1023
0 2748 1023
0 2748 1023
0 2757 1023
0 2757 1023
0 2757 1023
0 2771 1023
0 2771 1023
0 2771 1023
0 2789 1023
0 2789 1023
0 2789 1023
0 2803 1023
0 2803 1024
0 2803 1024
0 2803 1024
0 2803 1024
0 2803 1024
0 2812 1024
0 2812 1025
0 2812 1025
0 2812 1025
0 2812 1025
0 2812 1025
0 2825 1025
0 2825 1026
0 2825 1026
0 2825 1026
0 2825 1026
0 2825 1026
0 2839 1026
0 2839 1026
0 2839 1026
0 2854 1026
0 2854 1027
0 2854 1027
0 2854 1027
0 2854 1027
0 2854 1027
0 2865 1027
0 2865 1029
0 2865 1029
0 2865 1029
0 2865 1029
0 2865 1029
0 2872 1029
0 2872 1030
0 2872 1030
0 2872 1030
0 2872 1030
0 2872 1030
0 2872 1030
0 2881 1030
0 2881 1032
0 2881 1032
0 2881 1032
0 2881 1032
0 2881 1032
0 2881 1032
0 2890 1032
0 2890 1033
0 2890 1033
0 2890 1033
0 2890 1033
0 2890 1033
0 2905 1033
0 2905 1035
0 2905 1035
0 2905 1035
0 2905 1035
0 2905 1035
0 2905 1035
0 2923 1035
0 2923 1037
0 2923 1037
0 2923 1037
0 2923 1037
0 2923 1037
0 2934 1037
0 2934 1039
0 2934 1039
0 2934 1039
0 2934 1039
0 2934 1039
0 2938 1039
0 2938 1039
0 2938 1039
0 2945 1039
0 2945 1040
0 2945 1040
0 2945 1040
0 2945 1040
0 2945 1040
0 2954 1040
0 2954 1040
0 2954 1040
0 2969 1040
0 2969 1041
0 2969 1041
0 2969 1041
0 2969 1041
0 2969 1041
0 2983 1041
0 2983 1042
0 2983 1042
0 2983 1042
0 2983 1042
0 2983 1042
0 2992 1042
0 2992 1043
0 2992 1043
0 2992 1043
0 2992 1043
0 2992 1043
0 2998 1043
0 2998 1043
0 2998 1043
0 3002 1043
0 3002 1043
0 3002 1043
0 3006 1043
0 3006 1044
0 3006 1044
0 3006 1044
0 3006 1044
0 3006 1044
0 3013 1044
0 3013 1044
0 3013 1044
0 3028 1044
0 3028 1045
0 3028 1045
0 3028 1045
0 3028 1045
0 3028 1045
0 3042 1045
0 3042 1045
0 3042 1045
0 3051 1045
0 3051 1045
0 3051 1045
0 3061 1045
0 3061 1045
0 3061 1045
0 3067 1045
0 3067 1045
0 3067 1045
0 3074 1045
0 3074 1045
0 3074 1045
0 3083 1045
0 3083 1045
0 3083 1045
0 3092 1045
0 3092 1045
0 3092 1045
0 3106 1045
0 3106 1045
0 3106 1045
0 3117 1045
0 3117 1045
0 3117 1045
0 3121 1045
0 3121 1045
0 3121 1045
0 3125 1045
0 3125 1045
0 3125 1045
0 3128 1045
0 3128 1045
0 3128 1045
0 3131 1045
0 3131 1045
0 3131 1045
0 3134 1045
0 3134 1045
0 3134 1045
