0 -1 -1
0 1666 -1
0 1666 1847
0 1666 1847
0 1666 1847
0 1666 1847
0 1666 1847
0 1666 1847
0 1666 1847
0 1666 1846
0 1666 1846
0 1666 1846
0 1666 1846
0 1666 1846
0 1666 1846
0 1664 1846
0 1664 1844
0 1664 1844
0 1664 1844
0 1664 1844
0 1664 1844
0 1662 1844
0 1662 1842
0 1662 1842
0 1662 1842
0 1662 1842
0 1662 1842
0 1661 1842
0 1661 1840
0 1661 1840
0 1661 1840
0 1661 1840
0 1661 1840
0 1660 1840
0 1660 1838
0 1660 1838
0 1660 1838
0 1660 1838
0 1660 1838
0 1659 1838
0 1659 1836
0 1659 1836
0 1659 1836
0 1659 1836
0 1659 1836
0 1658 1836
0 1658 1834
0 1658 1834
0 1658 1834
0 1658 1834
0 1658 1834
0 1657 1834
0 1657 1833
0 1657 1833
0 1657 1833
0 1657 1833
0 1657 1833
0 1656 1833
0 1656 1831
0 1656 1831
0 1656 1831
0 1656 1831
0 1656 1831
0 1655 1831
0 1655 1830
0 1655 1830
0 1655 1830
0 1655 1830
0 1655 1830
0 1654 1830
0 1654 1829
0 1654 1829
0 1654 1829
0 1654 1829
0 1654 1829
0 1653 1829
0 1653 1828
0 1653 1828
0 1653 1828
0 1653 1828
0 1653 1828
0 1652 1828
0 1652 1827
0 1652 1827
0 1652 1827
0 1652 1827
0 1652 1827
0 1651 1827
0 1651 1826
0 1651 1826
0 1651 1826
0 1651 1826
0 1651 1826
0 1650 1826
0 1650 1824
0 1650 1824
0 1650 1824
0 1650 1824
0 1650 1824
0 1649 1824
0 1649 1823
0 1649 1823
0 1649 1823
0 1649 1823
0 1649 1823
0 1648 1823
0 1648 1821
0 1648 1821
0 1648 1821
0 1648 1821
0 1648 1821
0 1648 1819
0 1648 1819
0 1648 1819
0 1648 1819
0 1648 1817
0 1648 1817
0 1648 1817
0 1648 1815
0 1648 1815
0 1648 1815
0 1648 1813
0 1648 1813
0 1648 1813
0 1647 1813
0 1647 1810
0 1647 1810
0 1647 1810
0 1647 1810
0 1647 1810
0 1646 1810
0 1646 1807
0 1646 1807
0 1646 1807
0 1646 1807
0 1646 1807
0 1646 1804
0 1646 1804
0 1646 1804
0 1646 1801
0 1646 1801
0 1646 1801
0 1646 1798
0 1646 1798
0 1646 1798
0 1646 1795
0 1646 1795
0 1646 1795
0 1646 1791
0 1646 1791
0 1646 1791
0 1646 1791
0 1646 1788
0 1646 1788
0 1646 1788
0 1646 1785
0 1646 1785
0 1646 1785
0 1646 1782
0 1646 1782
0 1646 1782
0 1646 1778
0 1646 1778
0 1646 1778
0 1646 1774
0 1646 1774
0 1646 1774
0 1646 1768
0 1646 1768
0 1646 1768
0 1646 1768
0 1646 1758
0 1646 1758
0 1646 1758
0 1646 1748
0 1646 1748
0 1646 1748
0 1646 1738
0 1646 1738
0 1646 1738
0 1646 1738
0 1646 1729
0 1646 1729
0 1646 1729
0 1646 1722
0 1646 1722
0 1646 1722
0 1647 1722
0 1647 1716
0 1647 1716
0 1647 1716
0 1647 1716
0 1647 1716
0 1648 1716
0 1648 1707
0 1648 1707
0 1648 1707
0 1648 1707
0 1648 1707
0 1649 1707
0 1649 1693
0 1649 1693
0 1649 1693
0 1649 1693
0 1649 1693
0 1649 1693
0 1651 1693
0 1651 1680
0 1651 1680
0 1651 1680
0 1651 1680
0 1651 1680
0 1652 1680
0 1652 1671
0 1652 1671
0 1652 1671
0 1652 1671
0 1652 1671
0 1652 1671
0 1653 1671
0 1653 1662
0 1653 1662
0 1653 1662
0 1653 1662
0 1653 1662
0 1654 1662
0 1654 1652
0 1654 1652
0 1654 1652
0 1654 1652
0 1654 1652
0 1656 1652
0 1656 1637
0 1656 1637
0 1656 1637
0 1656 1637
0 1656 1637
0 1656 1637
0 1659 1637
0 1659 1614
0 1659 1614
0 1659 1614
0 1659 1614
0 1659 1614
0 1659 1614
0 1661 1614
0 1661 1595
0 1661 1595
0 1661 1595
0 1661 1595
0 1661 1595
0 1665 1595
0 1665 1571
0 1665 1571
0 1665 1571
0 1665 1571
0 1665 1571
0 1672 1571
0 1672 1538
0 1672 1538
0 1672 1538
0 1672 1538
0 1672 1538
0 1678 1538
0 1678 1506
0 1678 1506
0 1678 1506
0 1678 1506
0 1678 1506
0 1683 1506
0 1683 1474
0 1683 1474
0 1683 1474
0 1683 1474
0 1683 1474
0 1688 1474
0 1688 1441
0 1688 1441
0 1688 1441
0 1688 1441
0 1688 1441
0 1693 1441
0 1693 1413
0 1693 1413
0 1693 1413
0 1693 1413
0 1693 1413
0 1695 1413
0 1695 1400
0 1695 1400
0 1695 1400
0 1695 1400
0 1695 1400
0 1700 1400
0 1700 1382
0 1700 1382
0 1700 1382
0 1700 1382
0 1700 1382
0 1706 1382
0 1706 1360
0 1706 1360
0 1706 1360
0 1706 1360
0 1706 1360
0 1710 1360
0 1710 1347
0 1710 1347
0 1710 1347
0 1710 1347
0 1710 1347
0 1714 1347
0 1714 1339
0 1714 1339
0 1714 1339
0 1714 1339
0 1714 1339
0 1718 1339
0 1718 1331
0 1718 1331
0 1718 1331
0 1718 1331
0 1718 1331
0 1724 1331
0 1724 1317
0 1724 1317
0 1724 1317
0 1724 1317
0 1724 1317
0 1724 1317
0 1734 1317
0 1734 1295
0 1734 1295
0 1734 1295
0 1734 1295
0 1734 1295
0 1734 1295
0 1740 1295
0 1740 1280
0 1740 1280
0 1740 1280
0 1740 1280
0 1740 1280
0 1743 1280
0 1743 1268
0 1743 1268
0 1743 1268
0 1743 1268
0 1743 1268
0 1748 1268
0 1748 1244
0 1748 1244
0 1748 1244
0 1748 1244
0 1748 1244
0 1748 1244
0 1753 1244
0 1753 1220
0 1753 1220
0 1753 1220
0 1753 1220
0 1753 1220
0 1753 1220
0 1757 1220
0 1757 1192
0 1757 1192
0 1757 1192
0 1757 1192
0 1757 1192
0 1757 1192
0 1762 1192
0 1762 1164
0 1762 1164
0 1762 1164
0 1762 1164
0 1762 1164
0 1762 1164
0 1765 1164
0 1765 1141
0 1765 1141
0 1765 1141
0 1765 1141
0 1765 1141
0 1765 1141
0 1770 1141
0 1770 1114
0 1770 1114
0 1770 1114
0 1770 1114
0 1770 1114
0 1770 1114
0 1775 1114
0 1775 1090
0 1775 1090
0 1775 1090
0 1775 1090
0 1775 1090
0 1781 1090
0 1781 1067
0 1781 1067
0 1781 1067
0 1781 1067
0 1781 1067
0 1788 1067
0 1788 1044
0 1788 1044
0 1788 1044
0 1788 1044
0 1788 1044
0 1795 1044
0 1795 1025
0 1795 1025
0 1795 1025
0 1795 1025
0 1795 1025
0 1804 1025
0 1804 1003
0 1804 1003
0 1804 1003
0 1804 1003
0 1804 1003
0 1811 1003
0 1811 980
0 1811 980
0 1811 980
0 1811 980
0 1811 980
0 1817 980
0 1817 960
0 1817 960
0 1817 960
0 1817 960
0 1817 960
0 1827 960
0 1827 933
0 1827 933
0 1827 933
0 1827 933
0 1827 933
0 1827 933
0 1838 933
0 1838 903
0 1838 903
0 1838 903
0 1838 903
0 1838 903
0 1838 903
0 1850 903
0 1850 874
0 1850 874
0 1850 874
0 1850 874
0 1850 874
0 1850 874
0 1863 874
0 1863 843
0 1863 843
0 1863 843
0 1863 843
0 1863 843
0 1863 843
0 1874 843
0 1874 807
0 1874 807
0 1874 807
0 1874 807
0 1874 807
0 1885 807
0 1885 765
0 1885 765
0 1885 765
0 1885 765
0 1885 765
0 1898 765
0 1898 724
0 1898 724
0 1898 724
0 1898 724
0 1898 724
0 1914 724
0 1914 675
0 1914 675
0 1914 675
0 1914 675
0 1914 675
0 1930 675
0 1930 619
0 1930 619
0 1930 619
0 1930 619
0 1930 619
0 1944 619
0 1944 563
0 1944 563
0 1944 563
0 1944 563
0 1944 563
0 1959 563
0 1959 511
0 1959 511
0 1959 511
0 1959 511
0 1959 511
0 1974 511
0 1974 462
0 1974 462
0 1974 462
0 1974 462
0 1974 462
0 1988 462
0 1988 418
0 1988 418
0 1988 418
0 1988 418
0 1988 418
0 1999 418
0 1999 384
0 1999 384
0 1999 384
0 1999 384
0 1999 384
0 2008 384
0 2008 354
0 2008 354
0 2008 354
0 2008 354
0 2008 354
0 2015 354
0 2015 327
0 2015 327
0 2015 327
0 2015 327
0 2015 327
0 2020 327
0 2020 307
0 2020 307
0 2020 307
0 2020 307
0 2020 307
0 2027 307
0 2027 284
0 2027 284
0 2027 284
0 2027 284
0 2027 284
0 2036 284
0 2036 263
0 2036 263
0 2036 263
0 2036 263
0 2036 263
0 2046 263
0 2046 241
0 2046 241
0 2046 241
0 2046 241
0 2046 241
0 2056 241
0 2056 214
0 2056 214
0 2056 214
0 2056 214
0 2056 214
0 2066 214
0 2066 179
0 2066 179
0 2066 179
0 2066 179
0 2066 179
0 2075 179
0 2075 139
0 2075 139
0 2075 139
0 2075 139
0 2075 139
0 2084 139
0 2084 103
0 2084 103
0 2084 103
0 2084 103
0 2084 103
0 2097 103
0 2097 48
0 2097 48
0 2097 48
0 2097 48
0 2097 48
0 2097 48
0 2097 48
0 2108 48
0 2108 0
0 2108 0
0 2108 0
0 2108 0
0 2108 0
