0 3094 875
0 3094 875
0 3094 875
0 3094 875
0 3094 875
0 3094 875
0 3094 875
0 3094 875
0 3094 875
0 3094 875
0 3094 875
1 2310 1454
1 2310 1454
1 2310 1454
1 2310 1454
1 2310 1454
1 2310 1454
1 2310 1454
0 3093 874
0 3093 874
0 3093 874
0 3093 874
0 3093 874
0 3092 874
0 3092 873
0 3092 873
0 3092 873
0 3092 873
0 3092 873
0 3090 873
0 3090 871
0 3090 871
0 3090 871
0 3090 871
0 3088 869
0 3088 869
0 3088 869
0 3088 869
0 3088 869
0 3086 869
0 3086 867
0 3086 867
0 3086 867
0 3086 867
0 3086 867
0 3084 867
0 3084 865
0 3084 865
0 3084 865
0 3081 862
0 3081 862
0 3081 862
0 3078 858
0 3078 858
0 3078 858
0 3075 854
0 3075 854
0 3075 854
0 3072 850
0 3072 850
0 3072 850
0 3068 846
0 3068 846
0 3068 846
0 3064 842
0 3064 842
0 3064 842
0 3064 842
0 3061 837
0 3061 837
0 3061 837
0 3058 833
0 3058 833
0 3058 833
0 3055 830
0 3055 830
0 3055 830
1 2321 1455
1 2321 1455
1 2321 1455
1 2321 1455
1 2321 1455
0 3053 827
0 3053 827
0 3053 827
1 2324 1456
1 2324 1456
1 2324 1456
1 2324 1456
1 2324 1456
0 3050 823
0 3050 823
0 3050 823
1 2327 1457
1 2327 1457
1 2327 1457
1 2327 1457
1 2327 1457
0 3046 819
0 3046 819
0 3046 819
0 3046 819
1 2330 1459
1 2330 1459
1 2330 1459
1 2330 1459
1 2330 1459
0 3042 813
0 3042 813
0 3042 813
1 2333 1461
1 2333 1461
1 2333 1461
1 2333 1461
1 2333 1461
0 3037 807
0 3037 807
0 3037 807
1 2336 1462
1 2336 1462
1 2336 1462
1 2336 1462
1 2336 1462
0 3032 801
0 3032 801
0 3032 801
1 2339 1464
1 2339 1464
1 2339 1464
1 2339 1464
1 2339 1464
0 3027 795
0 3027 795
0 3027 795
1 2342 1465
1 2342 1465
1 2342 1465
1 2342 1465
1 2342 1465
0 3022 790
0 3022 790
0 3022 790
1 2346 1467
1 2346 1467
1 2346 1467
1 2346 1467
1 2346 1467
1 2346 1467
0 3016 784
0 3016 784
0 3016 784
0 3016 784
1 2351 1469
1 2351 1469
1 2351 1469
1 2351 1469
1 2351 1469
0 3010 779
0 3010 779
0 3010 779
1 2356 1472
1 2356 1472
1 2356 1472
1 2356 1472
1 2356 1472
0 3005 774
0 3005 774
0 3005 774
1 2360 1474
1 2360 1474
1 2360 1474
1 2360 1474
1 2360 1474
0 3000 769
0 3000 769
0 3000 769
1 2363 1476
1 2363 1476
1 2363 1476
1 2363 1476
1 2363 1476
0 2996 765
0 2996 765
0 2996 765
1 2366 1478
1 2366 1478
1 2366 1478
1 2366 1478
1 2366 1478
0 2992 762
0 2992 762
0 2992 762
1 2369 1480
1 2369 1480
1 2369 1480
1 2369 1480
1 2369 1480
0 2988 759
0 2988 759
0 2988 759
1 2372 1482
1 2372 1482
1 2372 1482
1 2372 1482
1 2372 1482
0 2984 756
0 2984 756
0 2984 756
1 2375 1484
1 2375 1484
1 2375 1484
1 2375 1484
1 2375 1484
0 2980 753
0 2980 753
0 2980 753
1 2378 1486
1 2378 1486
1 2378 1486
1 2378 1486
1 2378 1486
0 2975 750
0 2975 750
0 2975 750
1 2381 1488
1 2381 1488
1 2381 1488
1 2381 1488
1 2381 1488
0 2971 747
0 2971 747
0 2971 747
0 2971 747
1 2384 1490
1 2384 1490
1 2384 1490
1 2384 1490
1 2384 1490
0 2966 744
0 2966 744
0 2966 744
1 2387 1493
1 2387 1493
1 2387 1493
1 2387 1493
1 2387 1493
0 2962 741
0 2962 741
0 2962 741
1 2391 1496
1 2391 1496
1 2391 1496
1 2391 1496
1 2391 1496
0 2958 739
0 2958 739
0 2958 739
1 2395 1500
1 2395 1500
1 2395 1500
1 2395 1500
1 2395 1500
1 2395 1500
0 2954 737
0 2954 737
0 2954 737
1 2399 1504
1 2399 1504
1 2399 1504
1 2399 1504
1 2399 1504
0 2950 734
0 2950 734
0 2950 734
1 2403 1508
1 2403 1508
1 2403 1508
1 2403 1508
1 2403 1508
0 2945 732
0 2945 732
0 2945 732
1 2408 1513
1 2408 1513
1 2408 1513
1 2408 1513
1 2408 1513
0 2942 729
0 2942 729
0 2942 729
1 2414 1518
1 2414 1518
1 2414 1518
1 2414 1518
1 2414 1518
1 2414 1518
0 2939 727
0 2939 727
0 2939 727
1 2419 1523
1 2419 1523
1 2419 1523
1 2419 1523
1 2419 1523
0 2936 725
0 2936 725
0 2936 725
1 2423 1527
1 2423 1527
1 2423 1527
1 2423 1527
1 2423 1527
0 2933 723
0 2933 723
0 2933 723
1 2427 1531
1 2427 1531
1 2427 1531
1 2427 1531
1 2427 1531
0 2930 722
0 2930 722
0 2930 722
1 2431 1535
1 2431 1535
1 2431 1535
1 2431 1535
1 2431 1535
0 2928 721
0 2928 721
0 2928 721
1 2435 1538
1 2435 1538
1 2435 1538
1 2435 1538
1 2435 1538
0 2925 720
0 2925 720
0 2925 720
1 2438 1540
1 2438 1540
1 2438 1540
1 2438 1540
1 2438 1540
0 2921 718
0 2921 718
0 2921 718
1 2441 1543
1 2441 1543
1 2441 1543
1 2441 1543
1 2441 1543
0 2918 716
0 2918 716
0 2918 716
1 2445 1545
1 2445 1545
1 2445 1545
1 2445 1545
1 2445 1545
0 2914 715
0 2914 715
0 2914 715
1 2448 1548
1 2448 1548
1 2448 1548
1 2448 1548
1 2448 1548
0 2910 713
0 2910 713
0 2910 713
1 2452 1551
1 2452 1551
1 2452 1551
1 2452 1551
1 2452 1551
0 2905 711
0 2905 711
0 2905 711
1 2457 1554
1 2457 1554
1 2457 1554
1 2457 1554
1 2457 1554
0 2900 709
0 2900 709
0 2900 709
1 2462 1556
1 2462 1556
1 2462 1556
1 2462 1556
1 2462 1556
0 2895 707
0 2895 707
0 2895 707
1 2467 1559
1 2467 1559
1 2467 1559
1 2467 1559
1 2467 1559
0 2890 705
0 2890 705
0 2890 705
1 2473 1561
1 2473 1561
1 2473 1561
1 2473 1561
1 2473 1561
0 2885 703
0 2885 703
0 2885 703
0 2885 703
1 2479 1563
1 2479 1563
1 2479 1563
1 2479 1563
1 2479 1563
0 2880 701
0 2880 701
0 2880 701
1 2484 1565
1 2484 1565
1 2484 1565
1 2484 1565
1 2484 1565
0 2875 699
0 2875 699
0 2875 699
1 2488 1567
1 2488 1567
1 2488 1567
1 2488 1567
1 2488 1567
0 2870 697
0 2870 697
0 2870 697
1 2491 1568
1 2491 1568
1 2491 1568
1 2491 1568
1 2491 1568
0 2865 695
0 2865 695
0 2865 695
1 2494 1569
1 2494 1569
1 2494 1569
1 2494 1569
1 2494 1569
0 2860 694
0 2860 694
0 2860 694
1 2496 1570
1 2496 1570
1 2496 1570
1 2496 1570
1 2496 1570
0 2854 693
0 2854 693
0 2854 693
1 2498 1571
1 2498 1571
1 2498 1571
1 2498 1571
1 2498 1571
0 2848 691
0 2848 691
0 2848 691
1 2500 1572
1 2500 1572
1 2500 1572
1 2500 1572
1 2500 1572
0 2840 689
0 2840 689
0 2840 689
1 2502 1573
1 2502 1573
1 2502 1573
1 2502 1573
1 2502 1573
0 2832 687
0 2832 687
0 2832 687
1 2504 1574
1 2504 1574
1 2504 1574
1 2504 1574
1 2504 1574
0 2825 686
0 2825 686
0 2825 686
1 2506 1575
1 2506 1575
1 2506 1575
1 2506 1575
1 2506 1575
0 2819 685
0 2819 685
0 2819 685
0 2814 684
0 2814 684
0 2814 684
0 2808 683
0 2808 683
0 2808 683
1 2510 1576
1 2510 1576
1 2510 1576
1 2510 1576
1 2510 1576
0 2800 682
0 2800 682
0 2800 682
0 2792 681
0 2792 681
0 2792 681
0 2784 680
0 2784 680
0 2784 680
0 2775 679
0 2775 679
0 2775 679
0 2766 678
0 2766 678
0 2766 678
0 2758 677
0 2758 677
0 2758 677
0 2751 676
0 2751 676
0 2751 676
0 2743 675
0 2743 675
0 2743 675
0 2735 673
0 2735 673
0 2735 673
0 2735 673
1 2522 1577
1 2522 1577
1 2522 1577
1 2522 1577
1 2522 1577
0 2726 672
0 2726 672
0 2726 672
0 2717 671
0 2717 671
0 2717 671
0 2708 670
0 2708 670
0 2708 670
0 2700 669
0 2700 669
0 2700 669
0 2700 669
0 2693 668
0 2693 668
0 2693 668
0 2693 668
0 2686 667
0 2686 667
0 2686 667
0 2686 667
0 2686 667
0 2678 667
0 2678 665
0 2678 665
0 2678 665
0 2669 664
0 2669 664
0 2669 664
1 2529 1578
1 2529 1578
1 2529 1578
1 2529 1578
1 2529 1578
0 2659 663
0 2659 663
0 2659 663
0 2649 662
0 2649 662
0 2649 662
1 2531 1579
1 2531 1579
1 2531 1579
1 2531 1579
1 2531 1579
0 2640 661
0 2640 661
0 2640 661
0 2640 661
1 2533 1580
1 2533 1580
1 2533 1580
1 2533 1580
1 2533 1580
1 2537 1581
1 2537 1581
1 2537 1581
1 2537 1581
1 2539 1582
1 2539 1582
1 2539 1582
1 2539 1582
0 2602 660
0 2602 660
0 2602 660
1 2542 1583
1 2542 1583
1 2542 1583
1 2542 1583
1 2542 1583
1 2542 1583
1 2545 1584
1 2545 1584
1 2545 1584
1 2545 1584
0 2583 661
0 2583 661
0 2583 661
1 2548 1585
1 2548 1585
1 2548 1585
1 2548 1585
1 2548 1585
0 2574 662
0 2574 662
0 2574 662
0 2574 662
0 2567 663
0 2567 663
0 2567 663
1 2554 1586
1 2554 1586
1 2554 1586
1 2554 1586
1 2554 1586
1 2554 1586
0 2560 664
0 2560 664
0 2560 664
0 2554 665
0 2554 665
0 2554 665
0 2548 666
0 2548 666
0 2548 666
0 2532 667
0 2532 667
0 2532 667
1 2565 1587
1 2565 1587
1 2565 1587
1 2565 1587
1 2565 1587
1 2565 1587
0 2523 668
0 2523 668
0 2523 668
1 2567 1588
1 2567 1588
1 2567 1588
1 2567 1588
1 2567 1588
0 2514 669
0 2514 669
0 2514 669
1 2569 1589
1 2569 1589
1 2569 1589
1 2569 1589
1 2569 1589
0 2507 670
0 2507 670
0 2507 670
0 2501 671
0 2501 671
0 2501 671
1 2575 1590
1 2575 1590
1 2575 1590
1 2575 1590
1 2575 1590
0 2495 672
0 2495 672
0 2495 672
1 2578 1591
1 2578 1591
1 2578 1591
1 2578 1591
1 2578 1591
0 2489 673
0 2489 673
0 2489 673
1 2581 1592
1 2581 1592
1 2581 1592
1 2581 1592
1 2581 1592
0 2483 674
0 2483 674
0 2483 674
1 2584 1593
1 2584 1593
1 2584 1593
1 2584 1593
1 2584 1593
0 2476 675
0 2476 675
0 2476 675
0 2468 676
0 2468 676
0 2468 676
0 2460 677
0 2460 677
0 2460 677
0 2452 678
0 2452 678
0 2452 678
0 2445 679
0 2445 679
0 2445 679
0 2439 680
0 2439 680
0 2439 680
0 2434 681
0 2434 681
0 2434 681
0 2429 683
0 2429 683
0 2429 683
0 2429 683
0 2420 684
0 2420 684
0 2420 684
1 2616 1592
1 2616 1592
1 2616 1592
1 2616 1592
1 2616 1592
1 2616 1592
0 2415 685
0 2415 685
0 2415 685
1 2619 1591
1 2619 1591
1 2619 1591
1 2619 1591
1 2619 1591
1 2619 1591
0 2410 686
0 2410 686
0 2410 686
1 2621 1590
1 2621 1590
1 2621 1590
1 2621 1590
1 2621 1590
0 2404 688
0 2404 688
0 2404 688
1 2623 1589
1 2623 1589
1 2623 1589
1 2623 1589
1 2623 1589
0 2399 690
0 2399 690
0 2399 690
0 2393 691
0 2393 691
0 2393 691
0 2388 692
0 2388 692
0 2388 692
1 2629 1588
1 2629 1588
1 2629 1588
1 2629 1588
1 2629 1588
1 2629 1588
0 2382 694
0 2382 694
0 2382 694
0 2377 696
0 2377 696
0 2377 696
1 2633 1587
1 2633 1587
1 2633 1587
1 2633 1587
1 2633 1587
0 2372 698
0 2372 698
0 2372 698
1 2635 1586
1 2635 1586
1 2635 1586
1 2635 1586
1 2635 1586
0 2367 700
0 2367 700
0 2367 700
1 2637 1585
1 2637 1585
1 2637 1585
1 2637 1585
1 2637 1585
0 2363 701
0 2363 701
0 2363 701
0 2359 703
0 2359 703
0 2359 703
1 2642 1584
1 2642 1584
1 2642 1584
1 2642 1584
1 2642 1584
0 2355 705
0 2355 705
0 2355 705
1 2645 1583
1 2645 1583
1 2645 1583
1 2645 1583
1 2645 1583
0 2350 707
0 2350 707
0 2350 707
1 2648 1582
1 2648 1582
1 2648 1582
1 2648 1582
1 2648 1582
0 2345 710
0 2345 710
0 2345 710
1 2651 1581
1 2651 1581
1 2651 1581
1 2651 1581
1 2651 1581
0 2341 712
0 2341 712
0 2341 712
1 2655 1580
1 2655 1580
1 2655 1580
1 2655 1580
1 2655 1580
0 2337 713
0 2337 713
0 2337 713
1 2660 1579
1 2660 1579
1 2660 1579
1 2660 1579
1 2660 1579
0 2333 715
0 2333 715
0 2333 715
0 2333 715
1 2665 1578
1 2665 1578
1 2665 1578
1 2665 1578
1 2665 1578
0 2328 717
0 2328 717
0 2328 717
1 2670 1577
1 2670 1577
1 2670 1577
1 2670 1577
1 2670 1577
0 2324 720
0 2324 720
0 2324 720
1 2675 1575
1 2675 1575
1 2675 1575
1 2675 1575
1 2675 1575
0 2319 722
0 2319 722
0 2319 722
1 2679 1574
1 2679 1574
1 2679 1574
1 2679 1574
1 2679 1574
0 2314 724
0 2314 724
0 2314 724
1 2683 1573
1 2683 1573
1 2683 1573
1 2683 1573
1 2683 1573
0 2311 725
0 2311 725
0 2311 725
1 2687 1572
1 2687 1572
1 2687 1572
1 2687 1572
1 2687 1572
0 2308 726
0 2308 726
0 2308 726
1 2690 1571
1 2690 1571
1 2690 1571
1 2690 1571
1 2690 1571
0 2305 727
0 2305 727
0 2305 727
1 2694 1569
1 2694 1569
1 2694 1569
1 2694 1569
1 2694 1569
0 2302 728
0 2302 728
0 2302 728
1 2699 1567
1 2699 1567
1 2699 1567
1 2699 1567
1 2699 1567
0 2300 729
0 2300 729
0 2300 729
1 2704 1565
1 2704 1565
1 2704 1565
1 2704 1565
1 2704 1565
0 2298 730
0 2298 730
0 2298 730
1 2709 1563
1 2709 1563
1 2709 1563
1 2709 1563
1 2709 1563
0 2296 731
0 2296 731
0 2296 731
1 2714 1560
1 2714 1560
1 2714 1560
1 2714 1560
1 2714 1560
1 2714 1560
0 2294 732
0 2294 732
0 2294 732
1 2720 1556
1 2720 1556
1 2720 1556
1 2720 1556
1 2720 1556
0 2292 733
0 2292 733
0 2292 733
1 2726 1552
1 2726 1552
1 2726 1552
1 2726 1552
1 2726 1552
0 2290 734
0 2290 734
0 2290 734
1 2732 1548
1 2732 1548
1 2732 1548
1 2732 1548
1 2732 1548
0 2288 735
0 2288 735
0 2288 735
1 2738 1545
1 2738 1545
1 2738 1545
1 2738 1545
1 2738 1545
1 2743 1542
1 2743 1542
1 2743 1542
1 2743 1542
0 2285 736
0 2285 736
0 2285 736
1 2747 1538
1 2747 1538
1 2747 1538
1 2747 1538
1 2747 1538
1 2747 1538
0 2283 737
0 2283 737
0 2283 737
0 2283 737
1 2751 1534
1 2751 1534
1 2751 1534
1 2751 1534
1 2751 1534
0 2281 738
0 2281 738
0 2281 738
1 2755 1531
1 2755 1531
1 2755 1531
1 2755 1531
1 2755 1531
0 2280 739
0 2280 739
0 2280 739
1 2759 1528
1 2759 1528
1 2759 1528
1 2759 1528
1 2759 1528
0 2279 740
0 2279 740
0 2279 740
1 2762 1525
1 2762 1525
1 2762 1525
1 2762 1525
1 2762 1525
0 2278 741
0 2278 741
0 2278 741
1 2764 1522
1 2764 1522
1 2764 1522
1 2764 1522
1 2764 1522
0 2277 742
0 2277 742
0 2277 742
1 2766 1520
1 2766 1520
1 2766 1520
1 2766 1520
1 2766 1520
0 2276 743
0 2276 743
0 2276 743
1 2768 1518
1 2768 1518
1 2768 1518
1 2768 1518
1 2768 1518
0 2275 745
0 2275 745
0 2275 745
1 2771 1516
1 2771 1516
1 2771 1516
1 2771 1516
1 2771 1516
0 2274 746
0 2274 746
0 2274 746
1 2774 1514
1 2774 1514
1 2774 1514
1 2774 1514
1 2774 1514
0 2272 747
0 2272 747
0 2272 747
1 2777 1512
1 2777 1512
1 2777 1512
1 2777 1512
1 2777 1512
0 2270 749
0 2270 749
0 2270 749
1 2780 1510
1 2780 1510
1 2780 1510
1 2780 1510
1 2780 1510
0 2268 751
0 2268 751
0 2268 751
1 2783 1508
1 2783 1508
1 2783 1508
1 2783 1508
1 2783 1508
0 2266 753
0 2266 753
0 2266 753
1 2786 1506
1 2786 1506
1 2786 1506
1 2786 1506
1 2786 1506
0 2264 756
0 2264 756
0 2264 756
1 2789 1504
1 2789 1504
1 2789 1504
1 2789 1504
1 2789 1504
0 2262 759
0 2262 759
0 2262 759
1 2792 1502
1 2792 1502
1 2792 1502
1 2792 1502
1 2792 1502
0 2260 761
0 2260 761
0 2260 761
1 2795 1501
1 2795 1501
1 2795 1501
1 2795 1501
1 2795 1501
0 2258 762
0 2258 762
0 2258 762
1 2799 1500
1 2799 1500
1 2799 1500
1 2799 1500
1 2799 1500
0 2255 764
0 2255 764
0 2255 764
1 2802 1498
1 2802 1498
1 2802 1498
1 2802 1498
1 2802 1498
0 2252 766
0 2252 766
0 2252 766
1 2805 1496
1 2805 1496
1 2805 1496
1 2805 1496
1 2805 1496
1 2805 1496
0 2249 769
0 2249 769
0 2249 769
0 2249 769
1 2808 1494
1 2808 1494
1 2808 1494
1 2808 1494
1 2808 1494
0 2247 772
0 2247 772
0 2247 772
1 2811 1492
1 2811 1492
1 2811 1492
1 2811 1492
1 2811 1492
0 2244 774
0 2244 774
0 2244 774
1 2814 1490
1 2814 1490
1 2814 1490
1 2814 1490
1 2814 1490
0 2241 776
0 2241 776
0 2241 776
1 2817 1488
1 2817 1488
1 2817 1488
1 2817 1488
1 2817 1488
0 2238 778
0 2238 778
0 2238 778
1 2820 1486
1 2820 1486
1 2820 1486
1 2820 1486
1 2820 1486
0 2235 780
0 2235 780
0 2235 780
1 2823 1484
1 2823 1484
1 2823 1484
1 2823 1484
1 2823 1484
0 2232 782
0 2232 782
0 2232 782
1 2826 1482
1 2826 1482
1 2826 1482
1 2826 1482
1 2826 1482
0 2230 784
0 2230 784
0 2230 784
1 2829 1480
1 2829 1480
1 2829 1480
1 2829 1480
1 2829 1480
0 2228 786
0 2228 786
0 2228 786
1 2832 1478
1 2832 1478
1 2832 1478
1 2832 1478
1 2832 1478
0 2226 788
0 2226 788
0 2226 788
1 2836 1474
1 2836 1474
1 2836 1474
1 2836 1474
1 2836 1474
1 2836 1474
0 2224 789
0 2224 789
0 2224 789
1 2840 1471
1 2840 1471
1 2840 1471
1 2840 1471
1 2840 1471
0 2222 791
0 2222 791
0 2222 791
1 2844 1467
1 2844 1467
1 2844 1467
1 2844 1467
1 2844 1467
0 2220 793
0 2220 793
0 2220 793
1 2848 1464
1 2848 1464
1 2848 1464
1 2848 1464
1 2848 1464
0 2218 794
0 2218 794
0 2218 794
1 2853 1460
1 2853 1460
1 2853 1460
1 2853 1460
1 2853 1460
0 2216 796
0 2216 796
0 2216 796
0 2216 796
1 2859 1456
1 2859 1456
1 2859 1456
1 2859 1456
1 2859 1456
0 2215 798
0 2215 798
0 2215 798
1 2863 1453
1 2863 1453
1 2863 1453
1 2863 1453
1 2863 1453
0 2213 800
0 2213 800
0 2213 800
1 2867 1450
1 2867 1450
1 2867 1450
1 2867 1450
1 2867 1450
0 2211 802
0 2211 802
0 2211 802
1 2870 1448
1 2870 1448
1 2870 1448
1 2870 1448
1 2870 1448
0 2209 804
0 2209 804
0 2209 804
1 2873 1445
1 2873 1445
1 2873 1445
1 2873 1445
1 2873 1445
0 2207 806
0 2207 806
0 2207 806
1 2877 1441
1 2877 1441
1 2877 1441
1 2877 1441
1 2877 1441
1 2877 1441
0 2205 808
0 2205 808
0 2205 808
1 2881 1437
1 2881 1437
1 2881 1437
1 2881 1437
1 2881 1437
0 2203 810
0 2203 810
0 2203 810
1 2885 1432
1 2885 1432
1 2885 1432
1 2885 1432
1 2885 1432
0 2201 812
0 2201 812
0 2201 812
1 2888 1428
1 2888 1428
1 2888 1428
1 2888 1428
1 2888 1428
0 2199 814
0 2199 814
0 2199 814
1 2891 1423
1 2891 1423
1 2891 1423
1 2891 1423
1 2891 1423
0 2197 816
0 2197 816
0 2197 816
1 2894 1419
1 2894 1419
1 2894 1419
1 2894 1419
1 2894 1419
1 2894 1419
0 2195 819
0 2195 819
0 2195 819
1 2897 1414
1 2897 1414
1 2897 1414
1 2897 1414
1 2897 1414
0 2193 821
0 2193 821
0 2193 821
1 2899 1410
1 2899 1410
1 2899 1410
1 2899 1410
1 2899 1410
0 2191 823
0 2191 823
0 2191 823
1 2901 1407
1 2901 1407
1 2901 1407
1 2901 1407
1 2901 1407
0 2189 825
0 2189 825
0 2189 825
1 2903 1404
1 2903 1404
1 2903 1404
1 2903 1404
1 2903 1404
0 2187 828
0 2187 828
0 2187 828
1 2905 1401
1 2905 1401
1 2905 1401
1 2905 1401
1 2905 1401
0 2184 831
0 2184 831
0 2184 831
0 2184 831
1 2908 1397
1 2908 1397
1 2908 1397
1 2908 1397
1 2908 1397
0 2181 835
0 2181 835
0 2181 835
1 2911 1392
1 2911 1392
1 2911 1392
1 2911 1392
1 2911 1392
1 2911 1392
0 2178 837
0 2178 837
0 2178 837
1 2914 1387
1 2914 1387
1 2914 1387
1 2914 1387
1 2914 1387
0 2176 840
0 2176 840
0 2176 840
1 2917 1382
1 2917 1382
1 2917 1382
1 2917 1382
1 2917 1382
0 2174 842
0 2174 842
0 2174 842
1 2921 1377
1 2921 1377
1 2921 1377
1 2921 1377
1 2921 1377
0 2172 844
0 2172 844
0 2172 844
1 2924 1371
1 2924 1371
1 2924 1371
1 2924 1371
1 2924 1371
0 2170 846
0 2170 846
0 2170 846
1 2928 1365
1 2928 1365
1 2928 1365
1 2928 1365
1 2928 1365
0 2169 848
0 2169 848
0 2169 848
1 2932 1358
1 2932 1358
1 2932 1358
1 2932 1358
1 2932 1358
1 2932 1358
0 2168 850
0 2168 850
0 2168 850
1 2935 1351
1 2935 1351
1 2935 1351
1 2935 1351
1 2935 1351
0 2167 852
0 2167 852
0 2167 852
1 2939 1344
1 2939 1344
1 2939 1344
1 2939 1344
1 2939 1344
0 2166 853
0 2166 853
0 2166 853
1 2941 1339
1 2941 1339
1 2941 1339
1 2941 1339
1 2941 1339
0 2165 854
0 2165 854
0 2165 854
1 2943 1334
1 2943 1334
1 2943 1334
1 2943 1334
1 2943 1334
0 2164 855
0 2164 855
0 2164 855
1 2945 1328
1 2945 1328
1 2945 1328
1 2945 1328
1 2945 1328
0 2163 856
0 2163 856
0 2163 856
1 2947 1323
1 2947 1323
1 2947 1323
1 2947 1323
1 2947 1323
1 2947 1323
0 2162 857
0 2162 857
0 2162 857
1 2949 1318
1 2949 1318
1 2949 1318
1 2949 1318
1 2949 1318
0 2161 858
0 2161 858
0 2161 858
1 2950 1312
1 2950 1312
1 2950 1312
1 2950 1312
1 2950 1312
0 2160 859
0 2160 859
0 2160 859
1 2951 1307
1 2951 1307
1 2951 1307
1 2951 1307
1 2951 1307
0 2159 860
0 2159 860
0 2159 860
1 2953 1302
1 2953 1302
1 2953 1302
1 2953 1302
1 2953 1302
0 2158 861
0 2158 861
0 2158 861
1 2955 1297
1 2955 1297
1 2955 1297
1 2955 1297
1 2955 1297
0 2157 863
0 2157 863
0 2157 863
1 2956 1292
1 2956 1292
1 2956 1292
1 2956 1292
1 2956 1292
0 2156 865
0 2156 865
0 2156 865
1 2957 1288
1 2957 1288
1 2957 1288
1 2957 1288
1 2957 1288
1 2957 1288
0 2155 867
0 2155 867
0 2155 867
1 2958 1285
1 2958 1285
1 2958 1285
1 2958 1285
1 2958 1285
0 2154 869
0 2154 869
0 2154 869
1 2959 1282
1 2959 1282
1 2959 1282
1 2959 1282
1 2959 1282
0 2153 872
0 2153 872
0 2153 872
0 2153 872
1 2960 1279
1 2960 1279
1 2960 1279
1 2960 1279
1 2960 1279
0 2152 875
0 2152 875
0 2152 875
1 2961 1276
1 2961 1276
1 2961 1276
1 2961 1276
1 2961 1276
0 2151 879
0 2151 879
0 2151 879
0 2151 879
1 2962 1274
1 2962 1274
1 2962 1274
1 2962 1274
1 2962 1274
0 2150 883
0 2150 883
0 2150 883
1 2963 1272
1 2963 1272
1 2963 1272
1 2963 1272
1 2963 1272
0 2149 887
0 2149 887
0 2149 887
0 2148 892
0 2148 892
0 2148 892
0 2147 897
0 2147 897
0 2147 897
0 2146 903
0 2146 903
0 2146 903
0 2145 909
0 2145 909
0 2145 909
0 2144 914
0 2144 914
0 2144 914
0 2143 919
0 2143 919
0 2143 919
0 2143 919
1 2964 1259
1 2964 1259
1 2964 1259
1 2964 1259
1 2964 1259
1 2964 1259
0 2142 925
0 2142 925
0 2142 925
0 2140 930
0 2140 930
0 2140 930
0 2139 934
0 2139 934
0 2139 934
0 2137 939
0 2137 939
0 2137 939
1 2965 1246
1 2965 1246
1 2965 1246
1 2965 1246
1 2965 1246
0 2136 944
0 2136 944
0 2136 944
0 2136 944
0 2135 948
0 2135 948
0 2135 948
0 2134 951
0 2134 951
0 2134 951
0 2133 954
0 2133 954
0 2133 954
0 2132 956
0 2132 956
0 2132 956
0 2131 959
0 2131 959
0 2131 959
0 2130 962
0 2130 962
0 2130 962
0 2128 965
0 2128 965
0 2128 965
0 2127 967
0 2127 967
0 2127 967
0 2125 970
0 2125 970
0 2125 970
0 2124 972
0 2124 972
0 2124 972
0 2123 974
0 2123 974
0 2123 974
0 2122 976
0 2122 976
0 2122 976
0 2121 978
0 2121 978
0 2121 978
0 2120 980
0 2120 980
0 2120 980
0 2119 982
0 2119 982
0 2119 982
0 2118 984
0 2118 984
0 2118 984
0 2117 986
0 2117 986
0 2117 986
0 2116 991
0 2116 991
0 2116 991
0 2116 991
0 2117 1010
0 2117 1013
0 2117 1013
0 2117 1013
0 2117 1013
0 2117 1013
0 2118 1013
0 2118 1016
0 2118 1016
0 2118 1016
0 2118 1016
0 2118 1016
0 2119 1016
0 2119 1019
0 2119 1019
0 2119 1019
1 2963 1184
1 2963 1184
1 2963 1184
1 2963 1184
1 2962 1184
1 2962 1184
1 2962 1184
1 2962 1184
