0 2191 1439
0 2191 1439
0 2191 1439
0 2191 1439
0 2191 1439
0 2191 1439
1 1638 730
1 1638 730
1 1638 730
1 1638 730
1 1638 730
1 1638 730
1 1638 730
1 1638 730
1 1647 729
1 1647 729
1 1647 729
1 1652 729
1 1652 728
1 1652 728
1 1652 728
1 1657 728
1 1657 727
1 1657 727
1 1657 727
1 1663 727
1 1663 726
1 1663 726
1 1663 726
1 1670 726
1 1670 724
1 1670 724
1 1670 724
1 1677 724
1 1677 721
1 1677 721
1 1677 721
1 1677 721
1 1685 721
1 1685 718
1 1685 718
1 1685 718
1 1694 718
1 1694 714
1 1694 714
1 1694 714
1 1694 714
1 1702 714
1 1702 710
1 1702 710
1 1702 710
1 1710 710
1 1710 707
1 1710 707
1 1710 707
1 1717 707
1 1717 704
1 1717 704
1 1717 704
1 1724 704
1 1724 701
1 1724 701
1 1724 701
1 1730 701
1 1730 697
1 1730 697
1 1730 697
1 1737 697
1 1737 693
1 1737 693
1 1737 693
1 1746 693
1 1746 687
1 1746 687
1 1746 687
1 1756 687
1 1756 681
1 1756 681
1 1756 681
1 1756 681
1 1767 681
1 1767 675
1 1767 675
1 1767 675
1 1777 675
1 1777 667
1 1777 667
1 1777 667
1 1777 667
1 1787 658
1 1787 658
1 1787 658
1 1787 658
1 1798 651
1 1798 651
1 1798 651
1 1798 651
1 1810 643
1 1810 643
1 1810 643
1 1810 643
1 1823 635
1 1823 635
1 1823 635
1 1823 635
0 2185 1438
0 2185 1438
0 2185 1438
1 1834 628
1 1834 628
1 1834 628
1 1834 628
1 1834 628
0 2183 1437
0 2183 1437
0 2183 1437
1 1844 621
1 1844 621
1 1844 621
1 1844 621
1 1844 621
1 1844 621
0 2181 1436
0 2181 1436
0 2181 1436
1 1853 615
1 1853 615
1 1853 615
1 1853 615
1 1853 615
0 2179 1435
0 2179 1435
0 2179 1435
1 1862 610
1 1862 610
1 1862 610
1 1862 610
1 1862 610
0 2177 1434
0 2177 1434
0 2177 1434
1 1872 605
1 1872 605
1 1872 605
1 1872 605
1 1872 605
0 2175 1433
0 2175 1433
0 2175 1433
1 1882 600
1 1882 600
1 1882 600
1 1882 600
1 1882 600
0 2173 1432
0 2173 1432
0 2173 1432
1 1892 595
1 1892 595
1 1892 595
1 1892 595
1 1892 595
0 2171 1431
0 2171 1431
0 2171 1431
1 1900 592
1 1900 592
1 1900 592
1 1900 592
1 1900 592
0 2168 1430
0 2168 1430
0 2168 1430
1 1908 589
1 1908 589
1 1908 589
1 1908 589
1 1908 589
0 2165 1429
0 2165 1429
0 2165 1429
1 1914 587
1 1914 587
1 1914 587
1 1914 587
1 1914 587
0 2162 1428
0 2162 1428
0 2162 1428
1 1920 586
1 1920 586
1 1920 586
1 1920 586
1 1920 586
0 2159 1427
0 2159 1427
0 2159 1427
1 1926 584
1 1926 584
1 1926 584
1 1926 584
1 1926 584
1 1926 584
0 2155 1426
0 2155 1426
0 2155 1426
1 1932 583
1 1932 583
1 1932 583
1 1932 583
1 1932 583
1 1932 583
0 2149 1425
0 2149 1425
0 2149 1425
1 1938 582
1 1938 582
1 1938 582
1 1938 582
1 1938 582
0 2142 1424
0 2142 1424
0 2142 1424
1 1944 581
1 1944 581
1 1944 581
1 1944 581
1 1944 581
0 2134 1422
0 2134 1422
0 2134 1422
0 2134 1422
1 1951 580
1 1951 580
1 1951 580
1 1951 580
1 1951 580
0 2127 1419
0 2127 1419
0 2127 1419
0 2127 1419
0 2127 1419
1 1957 579
1 1957 579
1 1957 579
1 1957 579
1 1957 579
0 2120 1418
0 2120 1418
0 2120 1418
1 1964 577
1 1964 577
1 1964 577
1 1964 577
1 1964 577
1 1964 577
0 2113 1416
0 2113 1416
0 2113 1416
1 1970 576
1 1970 576
1 1970 576
1 1970 576
1 1970 576
0 2107 1414
0 2107 1414
0 2107 1414
0 2107 1414
1 1975 575
1 1975 575
1 1975 575
1 1975 575
1 1975 575
0 2099 1413
0 2099 1413
0 2099 1413
1 1980 574
1 1980 574
1 1980 574
1 1980 574
1 1980 574
0 2090 1412
0 2090 1412
0 2090 1412
1 1984 573
1 1984 573
1 1984 573
1 1984 573
1 1984 573
0 2081 1411
0 2081 1411
0 2081 1411
1 1989 571
1 1989 571
1 1989 571
1 1989 571
1 1989 571
0 2072 1410
0 2072 1410
0 2072 1410
1 1993 570
1 1993 570
1 1993 570
1 1993 570
1 1993 570
0 2063 1409
0 2063 1409
0 2063 1409
1 1996 569
1 1996 569
1 1996 569
1 1996 569
1 1996 569
0 2054 1407
0 2054 1407
0 2054 1407
0 2054 1407
1 2001 568
1 2001 568
1 2001 568
1 2001 568
1 2001 568
0 2045 1405
0 2045 1405
0 2045 1405
1 2006 566
1 2006 566
1 2006 566
1 2006 566
1 2006 566
0 2036 1402
0 2036 1402
0 2036 1402
0 2036 1402
0 2036 1402
1 2013 564
1 2013 564
1 2013 564
1 2013 564
1 2013 564
0 2026 1398
0 2026 1398
0 2026 1398
1 2021 562
1 2021 562
1 2021 562
1 2021 562
1 2021 562
0 2015 1394
0 2015 1394
0 2015 1394
1 2027 561
1 2027 561
1 2027 561
1 2027 561
1 2027 561
0 2005 1390
0 2005 1390
0 2005 1390
1 2033 560
1 2033 560
1 2033 560
1 2033 560
1 2033 560
0 1996 1385
0 1996 1385
0 1996 1385
1 2038 558
1 2038 558
1 2038 558
1 2038 558
1 2038 558
0 1987 1381
0 1987 1381
0 1987 1381
1 2042 557
1 2042 557
1 2042 557
1 2042 557
1 2042 557
0 1978 1376
0 1978 1376
0 1978 1376
1 2046 556
1 2046 556
1 2046 556
1 2046 556
1 2046 556
0 1969 1371
0 1969 1371
0 1969 1371
0 1969 1371
0 1969 1371
1 2050 555
1 2050 555
1 2050 555
1 2050 555
1 2050 555
0 1959 1366
0 1959 1366
0 1959 1366
0 1959 1366
1 2053 554
1 2053 554
1 2053 554
1 2053 554
1 2053 554
0 1950 1361
0 1950 1361
0 1950 1361
0 1950 1361
1 2056 553
1 2056 553
1 2056 553
1 2056 553
1 2056 553
0 1942 1357
0 1942 1357
0 1942 1357
1 2060 551
1 2060 551
1 2060 551
1 2060 551
1 2060 551
0 1934 1352
0 1934 1352
0 1934 1352
1 2065 548
1 2065 548
1 2065 548
1 2065 548
1 2065 548
0 1927 1347
0 1927 1347
0 1927 1347
1 2072 545
1 2072 545
1 2072 545
1 2072 545
1 2072 545
1 2072 545
0 1920 1343
0 1920 1343
0 1920 1343
1 2079 542
1 2079 542
1 2079 542
1 2079 542
1 2079 542
0 1914 1339
0 1914 1339
0 1914 1339
1 2086 539
1 2086 539
1 2086 539
1 2086 539
1 2086 539
0 1908 1334
0 1908 1334
0 1908 1334
1 2093 536
1 2093 536
1 2093 536
1 2093 536
1 2093 536
0 1901 1329
0 1901 1329
0 1901 1329
0 1901 1329
0 1901 1329
1 2100 534
1 2100 534
1 2100 534
1 2100 534
1 2100 534
0 1894 1324
0 1894 1324
0 1894 1324
1 2107 531
1 2107 531
1 2107 531
1 2107 531
1 2107 531
0 1887 1319
0 1887 1319
0 1887 1319
1 2114 529
1 2114 529
1 2114 529
1 2114 529
1 2114 529
0 1881 1315
0 1881 1315
0 1881 1315
1 2121 526
1 2121 526
1 2121 526
1 2121 526
1 2121 526
0 1875 1310
0 1875 1310
0 1875 1310
0 1875 1310
1 2130 524
1 2130 524
1 2130 524
1 2130 524
1 2130 524
1 2130 524
0 1869 1305
0 1869 1305
0 1869 1305
0 1869 1305
1 2139 521
1 2139 521
1 2139 521
1 2139 521
1 2139 521
0 1864 1301
0 1864 1301
0 1864 1301
1 2148 518
1 2148 518
1 2148 518
1 2148 518
1 2148 518
0 1860 1298
0 1860 1298
0 1860 1298
1 2158 515
1 2158 515
1 2158 515
1 2158 515
1 2158 515
0 1856 1296
0 1856 1296
0 1856 1296
0 1856 1296
1 2167 513
1 2167 513
1 2167 513
1 2167 513
1 2167 513
1 2167 513
0 1853 1293
0 1853 1293
0 1853 1293
0 1853 1293
1 2176 511
1 2176 511
1 2176 511
1 2176 511
1 2176 511
1 2176 511
0 1850 1290
0 1850 1290
0 1850 1290
1 2187 510
1 2187 510
1 2187 510
1 2187 510
1 2187 510
1 2187 510
0 1847 1288
0 1847 1288
0 1847 1288
1 2198 508
1 2198 508
1 2198 508
1 2198 508
1 2198 508
1 2198 508
0 1844 1285
0 1844 1285
0 1844 1285
1 2210 507
1 2210 507
1 2210 507
1 2210 507
1 2210 507
1 2210 507
0 1842 1283
0 1842 1283
0 1842 1283
1 2220 508
1 2220 508
1 2220 508
1 2220 508
1 2220 508
0 1840 1280
0 1840 1280
0 1840 1280
1 2230 509
1 2230 509
1 2230 509
1 2230 509
1 2230 509
0 1838 1278
0 1838 1278
0 1838 1278
1 2239 511
1 2239 511
1 2239 511
1 2239 511
1 2239 511
0 1836 1276
0 1836 1276
0 1836 1276
1 2248 513
1 2248 513
1 2248 513
1 2248 513
1 2248 513
0 1834 1274
0 1834 1274
0 1834 1274
1 2257 515
1 2257 515
1 2257 515
1 2257 515
1 2257 515
0 1833 1272
0 1833 1272
0 1833 1272
1 2266 518
1 2266 518
1 2266 518
1 2266 518
1 2266 518
0 1832 1270
0 1832 1270
0 1832 1270
1 2275 521
1 2275 521
1 2275 521
1 2275 521
1 2275 521
1 2275 521
0 1831 1268
0 1831 1268
0 1831 1268
1 2285 525
1 2285 525
1 2285 525
1 2285 525
1 2285 525
0 1830 1266
0 1830 1266
0 1830 1266
1 2294 527
1 2294 527
1 2294 527
1 2294 527
1 2294 527
0 1829 1264
0 1829 1264
0 1829 1264
1 2304 529
1 2304 529
1 2304 529
1 2304 529
1 2304 529
0 1828 1262
0 1828 1262
0 1828 1262
1 2316 532
1 2316 532
1 2316 532
1 2316 532
1 2316 532
0 1827 1259
0 1827 1259
0 1827 1259
1 2329 534
1 2329 534
1 2329 534
1 2329 534
1 2329 534
1 2341 536
1 2341 536
1 2341 536
1 2341 536
1 2354 539
1 2354 539
1 2354 539
1 2354 539
0 1828 1247
0 1828 1247
0 1828 1247
1 2368 541
1 2368 541
1 2368 541
1 2368 541
1 2368 541
0 1829 1242
0 1829 1242
0 1829 1242
1 2384 542
1 2384 542
1 2384 542
1 2384 542
1 2384 542
0 1830 1236
0 1830 1236
0 1830 1236
1 2399 544
1 2399 544
1 2399 544
1 2399 544
1 2399 544
0 1831 1231
0 1831 1231
0 1831 1231
1 2413 546
1 2413 546
1 2413 546
1 2413 546
1 2413 546
0 1833 1226
0 1833 1226
0 1833 1226
1 2430 548
1 2430 548
1 2430 548
1 2430 548
1 2430 548
0 1835 1221
0 1835 1221
0 1835 1221
1 2447 550
1 2447 550
1 2447 550
1 2447 550
1 2447 550
0 1837 1216
0 1837 1216
0 1837 1216
1 2461 553
1 2461 553
1 2461 553
1 2461 553
1 2461 553
0 1839 1211
0 1839 1211
0 1839 1211
1 2473 556
1 2473 556
1 2473 556
1 2473 556
1 2473 556
1 2473 556
0 1840 1207
0 1840 1207
0 1840 1207
1 2484 560
1 2484 560
1 2484 560
1 2484 560
1 2484 560
0 1841 1204
0 1841 1204
0 1841 1204
1 2494 564
1 2494 564
1 2494 564
1 2494 564
1 2494 564
0 1842 1202
0 1842 1202
0 1842 1202
1 2504 569
1 2504 569
1 2504 569
1 2504 569
1 2504 569
0 1843 1199
0 1843 1199
0 1843 1199
1 2514 574
1 2514 574
1 2514 574
1 2514 574
1 2514 574
1 2514 574
0 1844 1197
0 1844 1197
0 1844 1197
1 2524 580
1 2524 580
1 2524 580
1 2524 580
1 2524 580
0 1845 1195
0 1845 1195
0 1845 1195
1 2534 586
1 2534 586
1 2534 586
1 2534 586
1 2534 586
1 2544 591
1 2544 591
1 2544 591
1 2544 591
1 2553 597
1 2553 597
1 2553 597
1 2553 597
0 1846 1190
0 1846 1190
0 1846 1190
1 2562 603
1 2562 603
1 2562 603
1 2562 603
1 2562 603
1 2562 603
0 1847 1189
0 1847 1189
0 1847 1189
1 2574 611
1 2574 611
1 2574 611
1 2574 611
1 2574 611
0 1848 1187
0 1848 1187
0 1848 1187
1 2586 619
1 2586 619
1 2586 619
1 2586 619
1 2586 619
0 1849 1186
0 1849 1186
0 1849 1186
1 2598 627
1 2598 627
1 2598 627
1 2598 627
1 2598 627
1 2598 627
0 1850 1184
0 1850 1184
0 1850 1184
1 2608 635
1 2608 635
1 2608 635
1 2608 635
1 2608 635
0 1851 1182
0 1851 1182
0 1851 1182
0 1851 1182
0 1851 1182
1 2616 641
1 2616 641
1 2616 641
1 2616 641
1 2616 641
0 1852 1180
0 1852 1180
0 1852 1180
1 2624 647
1 2624 647
1 2624 647
1 2624 647
1 2624 647
1 2631 653
1 2631 653
1 2631 653
1 2631 653
1 2637 659
1 2637 659
1 2637 659
1 2637 659
1 2637 659
1 2643 664
1 2643 664
1 2643 664
1 2643 664
1 2649 670
1 2649 670
1 2649 670
1 2649 670
1 2654 675
1 2654 675
1 2654 675
1 2654 675
1 2658 680
1 2658 680
1 2658 680
1 2658 680
1 2662 685
1 2662 685
1 2662 685
1 2662 685
1 2666 689
1 2666 689
1 2666 689
1 2666 689
1 2669 693
1 2669 693
1 2669 693
1 2669 693
1 2671 697
1 2671 697
1 2671 697
1 2671 697
0 1851 1158
0 1851 1158
0 1851 1158
1 2674 701
1 2674 701
1 2674 701
1 2674 701
1 2674 701
1 2674 701
1 2678 705
1 2678 705
1 2678 705
1 2678 705
0 1850 1154
0 1850 1154
0 1850 1154
1 2680 709
1 2680 709
1 2680 709
1 2680 709
1 2680 709
0 1849 1152
0 1849 1152
0 1849 1152
1 2682 711
1 2682 711
1 2682 711
1 2682 711
1 2682 711
0 1848 1150
0 1848 1150
0 1848 1150
1 2684 713
1 2684 713
1 2684 713
1 2684 713
1 2684 713
0 1847 1148
0 1847 1148
0 1847 1148
1 2686 715
1 2686 715
1 2686 715
1 2686 715
1 2686 715
0 1846 1145
0 1846 1145
0 1846 1145
1 2688 717
1 2688 717
1 2688 717
1 2688 717
1 2688 717
0 1845 1142
0 1845 1142
0 1845 1142
1 2690 719
1 2690 719
1 2690 719
1 2690 719
1 2690 719
0 1844 1138
0 1844 1138
0 1844 1138
1 2692 721
1 2692 721
1 2692 721
1 2692 721
1 2692 721
0 1843 1135
0 1843 1135
0 1843 1135
1 2693 723
1 2693 723
1 2693 723
1 2693 723
1 2693 723
0 1842 1132
0 1842 1132
0 1842 1132
1 2694 724
1 2694 724
1 2694 724
1 2694 724
1 2694 724
0 1841 1129
0 1841 1129
0 1841 1129
1 2695 725
1 2695 725
1 2695 725
1 2695 725
1 2695 725
0 1840 1126
0 1840 1126
0 1840 1126
1 2696 726
1 2696 726
1 2696 726
1 2696 726
1 2696 726
0 1839 1123
0 1839 1123
0 1839 1123
1 2697 727
1 2697 727
1 2697 727
1 2697 727
1 2697 727
0 1837 1120
0 1837 1120
0 1837 1120
1 2698 728
1 2698 728
1 2698 728
1 2698 728
1 2698 728
0 1836 1115
0 1836 1115
0 1836 1115
1 2699 729
1 2699 729
1 2699 729
1 2699 729
1 2699 729
0 1835 1111
0 1835 1111
0 1835 1111
0 1835 1111
0 1835 1111
0 1834 1111
0 1834 1108
0 1834 1108
0 1834 1108
0 1834 1108
0 1834 1108
0 1833 1108
0 1833 1105
0 1833 1105
0 1833 1105
0 1833 1105
0 1833 1105
0 1832 1105
0 1832 1102
0 1832 1102
0 1832 1102
0 1831 1100
0 1831 1100
0 1831 1100
1 2700 731
1 2700 731
1 2700 731
1 2700 731
1 2700 731
0 1830 1098
0 1830 1098
0 1830 1098
0 1829 1095
0 1829 1095
0 1829 1095
0 1828 1093
0 1828 1093
0 1828 1093
0 1828 1093
0 1828 1093
0 1827 1093
0 1827 1091
0 1827 1091
0 1827 1091
0 1826 1090
0 1826 1090
0 1826 1090
0 1825 1089
0 1825 1089
0 1825 1089
0 1824 1088
0 1824 1088
0 1824 1088
0 1823 1087
0 1823 1087
0 1823 1087
0 1822 1086
0 1822 1086
0 1822 1086
0 1821 1085
0 1821 1085
0 1821 1085
0 1820 1084
0 1820 1084
0 1820 1084
0 1819 1083
0 1819 1083
0 1819 1083
0 1818 1082
0 1818 1082
0 1818 1082
0 1817 1081
0 1817 1081
0 1817 1081
0 1816 1080
0 1816 1080
0 1816 1080
