0 2711 446
0 2711 446
0 2711 446
0 2711 446
0 2711 446
0 2711 446
0 2711 446
0 2711 446
0 2711 446
0 2711 446
0 2711 446
0 2711 447
0 2711 447
0 2711 447
0 2710 447
0 2710 447
0 2710 447
0 2709 447
0 2709 447
1 1389 1590
1 1389 1590
1 1389 1590
1 1389 1590
1 1389 1590
1 1389 1590
0 2698 448
0 2698 448
0 2698 448
0 2698 448
0 2698 448
0 2695 448
0 2695 449
0 2695 449
0 2695 449
0 2695 449
0 2695 449
0 2692 449
0 2692 450
0 2692 450
0 2692 450
0 2692 450
0 2692 450
0 2688 450
0 2688 452
0 2688 452
0 2688 452
0 2688 452
0 2688 452
0 2684 452
0 2684 455
0 2684 455
0 2684 455
0 2684 455
0 2684 455
0 2684 455
0 2681 455
0 2681 459
0 2681 459
0 2681 459
0 2681 459
0 2681 459
0 2678 459
0 2678 462
0 2678 462
0 2678 462
0 2678 462
0 2678 462
0 2678 462
0 2675 462
0 2675 464
0 2675 464
0 2675 464
0 2675 464
0 2675 464
0 2673 464
0 2673 466
0 2673 466
0 2673 466
0 2673 466
0 2673 466
0 2671 466
0 2671 468
0 2671 468
0 2671 468
0 2671 468
0 2671 468
0 2669 468
0 2669 471
0 2669 471
0 2669 471
0 2669 471
0 2669 471
0 2666 471
0 2666 474
0 2666 474
0 2666 474
0 2666 474
0 2666 474
0 2666 474
0 2664 474
0 2664 477
0 2664 477
0 2664 477
0 2664 477
0 2664 477
0 2661 477
0 2661 481
0 2661 481
0 2661 481
0 2661 481
0 2661 481
0 2657 481
0 2657 484
0 2657 484
0 2657 484
0 2657 484
0 2657 484
0 2654 484
0 2654 487
0 2654 487
0 2654 487
0 2654 487
0 2654 487
0 2651 487
0 2651 490
0 2651 490
0 2651 490
0 2651 490
0 2651 490
0 2648 490
0 2648 493
0 2648 493
0 2648 493
0 2645 496
0 2645 496
0 2645 496
1 1390 1588
1 1390 1588
1 1390 1588
1 1390 1588
1 1390 1588
0 2642 499
0 2642 499
0 2642 499
1 1391 1587
1 1391 1587
1 1391 1587
1 1391 1587
1 1391 1587
0 2639 501
0 2639 501
0 2639 501
1 1392 1585
1 1392 1585
1 1392 1585
1 1392 1585
1 1392 1585
1 1392 1585
0 2637 503
0 2637 503
0 2637 503
1 1394 1583
1 1394 1583
1 1394 1583
1 1394 1583
1 1394 1583
0 2635 506
0 2635 506
0 2635 506
1 1397 1580
1 1397 1580
1 1397 1580
1 1397 1580
1 1397 1580
0 2633 508
0 2633 508
0 2633 508
1 1400 1576
1 1400 1576
1 1400 1576
1 1400 1576
1 1400 1576
0 2630 511
0 2630 511
0 2630 511
1 1405 1572
1 1405 1572
1 1405 1572
1 1405 1572
1 1405 1572
0 2628 513
0 2628 513
0 2628 513
1 1410 1566
1 1410 1566
1 1410 1566
1 1410 1566
1 1410 1566
0 2625 516
0 2625 516
0 2625 516
1 1416 1560
1 1416 1560
1 1416 1560
1 1416 1560
1 1416 1560
0 2623 518
0 2623 518
0 2623 518
1 1422 1553
1 1422 1553
1 1422 1553
1 1422 1553
1 1422 1553
0 2620 520
0 2620 520
0 2620 520
1 1429 1546
1 1429 1546
1 1429 1546
1 1429 1546
1 1429 1546
0 2617 523
0 2617 523
0 2617 523
0 2617 523
1 1436 1539
1 1436 1539
1 1436 1539
1 1436 1539
1 1436 1539
1 1436 1539
0 2614 525
0 2614 525
0 2614 525
1 1443 1532
1 1443 1532
1 1443 1532
1 1443 1532
1 1443 1532
0 2611 527
0 2611 527
0 2611 527
1 1450 1526
1 1450 1526
1 1450 1526
1 1450 1526
1 1450 1526
0 2608 529
0 2608 529
0 2608 529
1 1457 1521
1 1457 1521
1 1457 1521
1 1457 1521
1 1457 1521
0 2605 531
0 2605 531
0 2605 531
1 1464 1515
1 1464 1515
1 1464 1515
1 1464 1515
1 1464 1515
1 1464 1515
0 2602 533
0 2602 533
0 2602 533
1 1471 1509
1 1471 1509
1 1471 1509
1 1471 1509
1 1471 1509
0 2599 535
0 2599 535
0 2599 535
1 1478 1502
1 1478 1502
1 1478 1502
1 1478 1502
1 1478 1502
0 2596 537
0 2596 537
0 2596 537
0 2596 537
1 1484 1495
1 1484 1495
1 1484 1495
1 1484 1495
1 1484 1495
0 2593 539
0 2593 539
0 2593 539
1 1490 1488
1 1490 1488
1 1490 1488
1 1490 1488
1 1490 1488
1 1490 1488
0 2590 541
0 2590 541
0 2590 541
1 1497 1481
1 1497 1481
1 1497 1481
1 1497 1481
1 1497 1481
0 2587 542
0 2587 542
0 2587 542
1 1504 1474
1 1504 1474
1 1504 1474
1 1504 1474
1 1504 1474
0 2583 543
0 2583 543
0 2583 543
1 1511 1468
1 1511 1468
1 1511 1468
1 1511 1468
1 1511 1468
0 2579 544
0 2579 544
0 2579 544
1 1519 1461
1 1519 1461
1 1519 1461
1 1519 1461
1 1519 1461
1 1519 1461
0 2574 546
0 2574 546
0 2574 546
1 1527 1454
1 1527 1454
1 1527 1454
1 1527 1454
1 1527 1454
0 2569 548
0 2569 548
0 2569 548
1 1534 1448
1 1534 1448
1 1534 1448
1 1534 1448
1 1534 1448
0 2564 550
0 2564 550
0 2564 550
1 1541 1441
1 1541 1441
1 1541 1441
1 1541 1441
1 1541 1441
0 2559 551
0 2559 551
0 2559 551
1 1549 1434
1 1549 1434
1 1549 1434
1 1549 1434
1 1549 1434
0 2555 552
0 2555 552
0 2555 552
1 1557 1427
1 1557 1427
1 1557 1427
1 1557 1427
1 1557 1427
0 2551 554
0 2551 554
0 2551 554
1 1566 1421
1 1566 1421
1 1566 1421
1 1566 1421
1 1566 1421
1 1566 1421
0 2547 556
0 2547 556
0 2547 556
1 1575 1414
1 1575 1414
1 1575 1414
1 1575 1414
1 1575 1414
0 2544 557
0 2544 557
0 2544 557
1 1583 1409
1 1583 1409
1 1583 1409
1 1583 1409
1 1583 1409
0 2540 560
0 2540 560
0 2540 560
1 1591 1404
1 1591 1404
1 1591 1404
1 1591 1404
1 1591 1404
0 2535 562
0 2535 562
0 2535 562
1 1597 1399
1 1597 1399
1 1597 1399
1 1597 1399
1 1597 1399
0 2530 565
0 2530 565
0 2530 565
1 1603 1394
1 1603 1394
1 1603 1394
1 1603 1394
1 1603 1394
0 2524 568
0 2524 568
0 2524 568
1 1610 1390
1 1610 1390
1 1610 1390
1 1610 1390
1 1610 1390
0 2517 571
0 2517 571
0 2517 571
1 1617 1386
1 1617 1386
1 1617 1386
1 1617 1386
1 1617 1386
0 2512 575
0 2512 575
0 2512 575
1 1624 1382
1 1624 1382
1 1624 1382
1 1624 1382
1 1624 1382
0 2507 578
0 2507 578
0 2507 578
1 1631 1378
1 1631 1378
1 1631 1378
1 1631 1378
1 1631 1378
1 1631 1378
0 2502 581
0 2502 581
0 2502 581
1 1639 1374
1 1639 1374
1 1639 1374
1 1639 1374
1 1639 1374
0 2497 584
0 2497 584
0 2497 584
0 2497 584
1 1646 1370
1 1646 1370
1 1646 1370
1 1646 1370
1 1646 1370
0 2492 587
0 2492 587
0 2492 587
1 1654 1366
1 1654 1366
1 1654 1366
1 1654 1366
1 1654 1366
0 2488 590
0 2488 590
0 2488 590
1 1661 1362
1 1661 1362
1 1661 1362
1 1661 1362
1 1661 1362
0 2484 593
0 2484 593
0 2484 593
1 1668 1357
1 1668 1357
1 1668 1357
1 1668 1357
1 1668 1357
0 2480 596
0 2480 596
0 2480 596
1 1675 1353
1 1675 1353
1 1675 1353
1 1675 1353
1 1675 1353
0 2475 599
0 2475 599
0 2475 599
1 1682 1348
1 1682 1348
1 1682 1348
1 1682 1348
1 1682 1348
1 1682 1348
0 2469 602
0 2469 602
0 2469 602
1 1689 1343
1 1689 1343
1 1689 1343
1 1689 1343
1 1689 1343
0 2463 606
0 2463 606
0 2463 606
0 2463 606
1 1696 1338
1 1696 1338
1 1696 1338
1 1696 1338
1 1696 1338
0 2457 609
0 2457 609
0 2457 609
1 1703 1334
1 1703 1334
1 1703 1334
1 1703 1334
1 1703 1334
0 2450 612
0 2450 612
0 2450 612
1 1710 1330
1 1710 1330
1 1710 1330
1 1710 1330
1 1710 1330
0 2444 616
0 2444 616
0 2444 616
1 1717 1327
1 1717 1327
1 1717 1327
1 1717 1327
1 1717 1327
0 2438 620
0 2438 620
0 2438 620
1 1723 1324
1 1723 1324
1 1723 1324
1 1723 1324
1 1723 1324
0 2432 625
0 2432 625
0 2432 625
1 1728 1321
1 1728 1321
1 1728 1321
1 1728 1321
1 1728 1321
0 2427 630
0 2427 630
0 2427 630
1 1732 1318
1 1732 1318
1 1732 1318
1 1732 1318
1 1732 1318
0 2421 634
0 2421 634
0 2421 634
1 1737 1314
1 1737 1314
1 1737 1314
1 1737 1314
1 1737 1314
1 1737 1314
0 2415 639
0 2415 639
0 2415 639
0 2415 639
1 1742 1310
1 1742 1310
1 1742 1310
1 1742 1310
1 1742 1310
0 2409 644
0 2409 644
0 2409 644
1 1747 1307
1 1747 1307
1 1747 1307
1 1747 1307
1 1747 1307
0 2403 648
0 2403 648
0 2403 648
1 1752 1304
1 1752 1304
1 1752 1304
1 1752 1304
1 1752 1304
0 2396 652
0 2396 652
0 2396 652
1 1756 1301
1 1756 1301
1 1756 1301
1 1756 1301
1 1756 1301
0 2389 656
0 2389 656
0 2389 656
1 1760 1298
1 1760 1298
1 1760 1298
1 1760 1298
1 1760 1298
0 2383 660
0 2383 660
0 2383 660
1 1765 1295
1 1765 1295
1 1765 1295
1 1765 1295
1 1765 1295
0 2376 664
0 2376 664
0 2376 664
1 1769 1292
1 1769 1292
1 1769 1292
1 1769 1292
1 1769 1292
0 2370 669
0 2370 669
0 2370 669
1 1773 1289
1 1773 1289
1 1773 1289
1 1773 1289
1 1773 1289
1 1773 1289
0 2364 673
0 2364 673
0 2364 673
0 2364 673
1 1777 1286
1 1777 1286
1 1777 1286
1 1777 1286
1 1777 1286
0 2358 678
0 2358 678
0 2358 678
1 1782 1283
1 1782 1283
1 1782 1283
1 1782 1283
1 1782 1283
0 2352 683
0 2352 683
0 2352 683
1 1787 1280
1 1787 1280
1 1787 1280
1 1787 1280
1 1787 1280
0 2346 688
0 2346 688
0 2346 688
1 1791 1277
1 1791 1277
1 1791 1277
1 1791 1277
1 1791 1277
0 2340 694
0 2340 694
0 2340 694
0 2340 694
1 1794 1275
1 1794 1275
1 1794 1275
1 1794 1275
1 1794 1275
0 2333 700
0 2333 700
0 2333 700
1 1797 1273
1 1797 1273
1 1797 1273
1 1797 1273
1 1797 1273
0 2325 706
0 2325 706
0 2325 706
1 1799 1272
1 1799 1272
1 1799 1272
1 1799 1272
1 1799 1272
0 2318 712
0 2318 712
0 2318 712
1 1801 1271
1 1801 1271
1 1801 1271
1 1801 1271
1 1801 1271
0 2311 718
0 2311 718
0 2311 718
1 1804 1270
1 1804 1270
1 1804 1270
1 1804 1270
1 1804 1270
0 2305 724
0 2305 724
0 2305 724
1 1807 1269
1 1807 1269
1 1807 1269
1 1807 1269
1 1807 1269
0 2300 730
0 2300 730
0 2300 730
1 1810 1268
1 1810 1268
1 1810 1268
1 1810 1268
1 1810 1268
0 2295 737
0 2295 737
0 2295 737
0 2295 737
1 1813 1267
1 1813 1267
1 1813 1267
1 1813 1267
1 1813 1267
0 2290 744
0 2290 744
0 2290 744
1 1816 1266
1 1816 1266
1 1816 1266
1 1816 1266
1 1816 1266
0 2286 751
0 2286 751
0 2286 751
0 2286 751
1 1819 1265
1 1819 1265
1 1819 1265
1 1819 1265
1 1819 1265
0 2282 757
0 2282 757
0 2282 757
1 1822 1264
1 1822 1264
1 1822 1264
1 1822 1264
1 1822 1264
0 2277 763
0 2277 763
0 2277 763
1 1825 1263
1 1825 1263
1 1825 1263
1 1825 1263
1 1825 1263
0 2272 769
0 2272 769
0 2272 769
1 1828 1262
1 1828 1262
1 1828 1262
1 1828 1262
1 1828 1262
0 2266 776
0 2266 776
0 2266 776
1 1831 1261
1 1831 1261
1 1831 1261
1 1831 1261
1 1831 1261
0 2261 782
0 2261 782
0 2261 782
1 1836 1259
1 1836 1259
1 1836 1259
1 1836 1259
1 1836 1259
0 2256 788
0 2256 788
0 2256 788
1 1840 1257
1 1840 1257
1 1840 1257
1 1840 1257
1 1840 1257
0 2250 794
0 2250 794
0 2250 794
0 2250 794
1 1843 1256
1 1843 1256
1 1843 1256
1 1843 1256
1 1843 1256
0 2245 801
0 2245 801
0 2245 801
1 1847 1255
1 1847 1255
1 1847 1255
1 1847 1255
1 1847 1255
0 2240 808
0 2240 808
0 2240 808
0 2240 808
1 1851 1254
1 1851 1254
1 1851 1254
1 1851 1254
1 1851 1254
0 2235 815
0 2235 815
0 2235 815
1 1854 1253
1 1854 1253
1 1854 1253
1 1854 1253
1 1854 1253
0 2231 821
0 2231 821
0 2231 821
1 1857 1251
1 1857 1251
1 1857 1251
1 1857 1251
1 1857 1251
0 2227 827
0 2227 827
0 2227 827
1 1860 1250
1 1860 1250
1 1860 1250
1 1860 1250
1 1860 1250
0 2224 833
0 2224 833
0 2224 833
1 1863 1248
1 1863 1248
1 1863 1248
1 1863 1248
1 1863 1248
0 2221 838
0 2221 838
0 2221 838
1 1865 1247
1 1865 1247
1 1865 1247
1 1865 1247
1 1865 1247
0 2217 843
0 2217 843
0 2217 843
1 1867 1246
1 1867 1246
1 1867 1246
1 1867 1246
1 1867 1246
0 2213 849
0 2213 849
0 2213 849
1 1869 1244
1 1869 1244
1 1869 1244
1 1869 1244
1 1869 1244
0 2209 855
0 2209 855
0 2209 855
1 1871 1242
1 1871 1242
1 1871 1242
1 1871 1242
1 1871 1242
1 1871 1242
0 2204 861
0 2204 861
0 2204 861
0 2204 861
1 1873 1239
1 1873 1239
1 1873 1239
1 1873 1239
1 1873 1239
0 2199 868
0 2199 868
0 2199 868
0 2199 868
1 1876 1236
1 1876 1236
1 1876 1236
1 1876 1236
1 1876 1236
0 2194 875
0 2194 875
0 2194 875
1 1878 1234
1 1878 1234
1 1878 1234
1 1878 1234
1 1878 1234
0 2190 881
0 2190 881
0 2190 881
1 1880 1231
1 1880 1231
1 1880 1231
1 1880 1231
1 1880 1231
0 2186 886
0 2186 886
0 2186 886
1 1883 1227
1 1883 1227
1 1883 1227
1 1883 1227
1 1883 1227
1 1883 1227
0 2183 891
0 2183 891
0 2183 891
1 1885 1224
1 1885 1224
1 1885 1224
1 1885 1224
1 1885 1224
0 2180 896
0 2180 896
0 2180 896
1 1887 1221
1 1887 1221
1 1887 1221
1 1887 1221
1 1887 1221
0 2177 901
0 2177 901
0 2177 901
1 1889 1218
1 1889 1218
1 1889 1218
1 1889 1218
1 1889 1218
0 2174 906
0 2174 906
0 2174 906
1 1891 1215
1 1891 1215
1 1891 1215
1 1891 1215
1 1891 1215
0 2171 911
0 2171 911
0 2171 911
1 1894 1212
1 1894 1212
1 1894 1212
1 1894 1212
1 1894 1212
0 2168 916
0 2168 916
0 2168 916
1 1897 1210
1 1897 1210
1 1897 1210
1 1897 1210
1 1897 1210
0 2166 920
0 2166 920
0 2166 920
1 1900 1208
1 1900 1208
1 1900 1208
1 1900 1208
1 1900 1208
0 2164 924
0 2164 924
0 2164 924
0 2164 924
1 1903 1206
1 1903 1206
1 1903 1206
1 1903 1206
1 1903 1206
0 2162 928
0 2162 928
0 2162 928
0 2162 928
0 2162 928
1 1906 1203
1 1906 1203
1 1906 1203
1 1906 1203
1 1906 1203
0 2160 931
0 2160 931
0 2160 931
1 1909 1201
1 1909 1201
1 1909 1201
1 1909 1201
1 1909 1201
0 2159 934
0 2159 934
0 2159 934
0 2159 934
1 1912 1199
1 1912 1199
1 1912 1199
1 1912 1199
1 1912 1199
0 2158 936
0 2158 936
0 2158 936
1 1915 1197
1 1915 1197
1 1915 1197
1 1915 1197
1 1915 1197
0 2157 938
0 2157 938
0 2157 938
1 1917 1196
1 1917 1196
1 1917 1196
1 1917 1196
1 1917 1196
0 2156 940
0 2156 940
0 2156 940
1 1919 1194
1 1919 1194
1 1919 1194
1 1919 1194
1 1919 1194
0 2155 942
0 2155 942
0 2155 942
1 1921 1192
1 1921 1192
1 1921 1192
1 1921 1192
1 1921 1192
1 1923 1190
1 1923 1190
1 1923 1190
1 1923 1190
1 1926 1188
1 1926 1188
1 1926 1188
1 1926 1188
1 1928 1186
1 1928 1186
1 1928 1186
1 1928 1186
1 1931 1184
1 1931 1184
1 1931 1184
1 1931 1184
1 1933 1181
1 1933 1181
1 1933 1181
1 1933 1181
1 1936 1177
1 1936 1177
1 1936 1177
1 1936 1177
1 1938 1173
1 1938 1173
1 1938 1173
1 1938 1173
1 1940 1173
1 1940 1170
1 1940 1170
1 1940 1170
1 1942 1170
1 1942 1168
1 1942 1168
1 1942 1168
1 1942 1168
1 1944 1168
1 1944 1166
1 1944 1166
1 1944 1166
1 1948 1166
1 1948 1163
1 1948 1163
1 1948 1163
1 1948 1163
1 1948 1163
1 1950 1163
1 1950 1162
1 1950 1162
1 1950 1162
1 1950 1162
1 1950 1162
0 2156 950
0 2156 950
0 2156 950
0 2156 950
