0 2065 0
0 2065 0
0 2065 0
0 2065 0
0 2065 0
0 2065 0
1 1666 866
1 1666 866
1 1666 866
1 1666 866
1 1666 866
2 1547 253
2 1547 253
2 1547 253
2 1547 253
2 1547 253
2 1547 253
3 2365 210
3 2365 210
3 2365 210
3 2365 210
3 2365 210
3 2365 210
3 2365 210
0 2068 22
0 2068 22
0 2068 22
0 2068 22
0 2068 22
0 2068 22
4 1825 0
4 1825 0
4 1825 0
4 1825 0
4 1825 0
4 1825 0
4 1825 0
4 1825 0
0 2069 40
0 2069 40
0 2069 40
1 1667 870
1 1667 870
1 1667 870
1 1667 870
0 2070 57
0 2070 57
0 2070 57
3 2364 221
3 2364 221
3 2364 221
3 2364 221
1 1668 880
1 1668 880
1 1668 880
2 1548 270
2 1548 270
2 1548 270
1 1669 889
1 1669 889
1 1669 889
2 1549 280
2 1549 280
2 1549 280
3 2363 239
3 2363 239
3 2363 239
0 2071 89
0 2071 89
0 2071 89
1 1671 900
1 1671 900
1 1671 900
1 1671 900
2 1550 292
2 1550 292
2 1550 292
1 1673 911
1 1673 911
1 1673 911
2 1551 305
2 1551 305
2 1551 305
1 1674 924
1 1674 924
1 1674 924
3 2362 276
3 2362 276
3 2362 276
1 1676 938
1 1676 938
1 1676 938
2 1552 336
2 1552 336
2 1552 336
1 1678 953
1 1678 953
1 1678 953
4 1823 99
4 1823 99
4 1823 99
4 1823 99
0 2070 160
0 2070 160
0 2070 160
1 1680 968
1 1680 968
1 1680 968
2 1551 373
2 1551 373
2 1551 373
2 1551 373
3 2360 324
3 2360 324
3 2360 324
3 2360 324
4 1822 113
4 1822 113
4 1822 113
4 1822 113
4 1822 113
0 2069 177
0 2069 177
0 2069 177
1 1682 986
1 1682 986
1 1682 986
2 1550 391
2 1550 391
2 1550 391
3 2358 340
3 2358 340
3 2358 340
4 1821 129
4 1821 129
4 1821 129
4 1821 129
4 1821 129
0 2067 196
0 2067 196
0 2067 196
1 1684 1005
1 1684 1005
1 1684 1005
2 1549 410
2 1549 410
2 1549 410
3 2357 356
3 2357 356
3 2357 356
4 1820 150
4 1820 150
4 1820 150
4 1820 150
4 1820 150
0 2065 216
0 2065 216
0 2065 216
1 1685 1024
1 1685 1024
1 1685 1024
2 1547 429
2 1547 429
2 1547 429
3 2355 375
3 2355 375
3 2355 375
3 2355 375
4 1819 169
4 1819 169
4 1819 169
4 1819 169
4 1819 169
0 2062 236
0 2062 236
0 2062 236
1 1687 1045
1 1687 1045
1 1687 1045
2 1546 449
2 1546 449
2 1546 449
2 1546 449
3 2354 394
3 2354 394
3 2354 394
4 1817 187
4 1817 187
4 1817 187
4 1817 187
4 1817 187
0 2060 256
0 2060 256
0 2060 256
1 1689 1066
1 1689 1066
1 1689 1066
2 1545 470
2 1545 470
2 1545 470
2 1545 470
3 2353 411
3 2353 411
3 2353 411
4 1814 208
4 1814 208
4 1814 208
4 1814 208
4 1814 208
0 2058 275
0 2058 275
0 2058 275
1 1690 1086
1 1690 1086
1 1690 1086
2 1544 491
2 1544 491
2 1544 491
3 2351 428
3 2351 428
3 2351 428
4 1813 227
4 1813 227
4 1813 227
4 1813 227
4 1813 227
0 2056 293
0 2056 293
0 2056 293
1 1692 1109
1 1692 1109
1 1692 1109
2 1543 514
2 1543 514
2 1543 514
3 2349 449
3 2349 449
3 2349 449
4 1811 246
4 1811 246
4 1811 246
4 1811 246
4 1811 246
0 2053 313
0 2053 313
0 2053 313
1 1694 1133
1 1694 1133
1 1694 1133
2 1542 535
2 1542 535
2 1542 535
3 2348 471
3 2348 471
3 2348 471
4 1808 267
4 1808 267
4 1808 267
4 1808 267
4 1808 267
0 2051 332
0 2051 332
0 2051 332
1 1696 1154
1 1696 1154
1 1696 1154
2 1541 552
2 1541 552
2 1541 552
3 2347 487
3 2347 487
3 2347 487
4 1805 288
4 1805 288
4 1805 288
4 1805 288
4 1805 288
0 2049 351
0 2049 351
0 2049 351
1 1697 1175
1 1697 1175
1 1697 1175
2 1539 574
2 1539 574
2 1539 574
3 2346 504
3 2346 504
3 2346 504
4 1802 309
4 1802 309
4 1802 309
4 1802 309
4 1802 309
0 2047 370
0 2047 370
0 2047 370
1 1698 1197
1 1698 1197
1 1698 1197
2 1538 598
2 1538 598
2 1538 598
3 2345 523
3 2345 523
3 2345 523
4 1799 330
4 1799 330
4 1799 330
4 1799 330
4 1799 330
0 2045 388
0 2045 388
0 2045 388
1 1699 1220
1 1699 1220
1 1699 1220
2 1536 618
2 1536 618
2 1536 618
3 2344 542
3 2344 542
3 2344 542
4 1796 350
4 1796 350
4 1796 350
4 1796 350
4 1796 350
0 2043 409
0 2043 409
0 2043 409
1 1700 1247
1 1700 1247
1 1700 1247
2 1534 641
2 1534 641
2 1534 641
3 2343 558
3 2343 558
3 2343 558
4 1793 369
4 1793 369
4 1793 369
4 1793 369
4 1793 369
0 2040 428
0 2040 428
0 2040 428
1 1701 1270
1 1701 1270
1 1701 1270
2 1532 663
2 1532 663
2 1532 663
3 2342 577
3 2342 577
3 2342 577
4 1789 390
4 1789 390
4 1789 390
4 1789 390
4 1789 390
0 2038 447
0 2038 447
0 2038 447
1 1702 1289
1 1702 1289
1 1702 1289
2 1531 681
2 1531 681
2 1531 681
3 2341 598
3 2341 598
3 2341 598
4 1786 412
4 1786 412
4 1786 412
4 1786 412
4 1786 412
0 2036 468
0 2036 468
0 2036 468
1 1703 1316
1 1703 1316
1 1703 1316
2 1530 704
2 1530 704
2 1530 704
3 2340 616
3 2340 616
3 2340 616
4 1783 428
4 1783 428
4 1783 428
4 1783 428
4 1783 428
0 2033 487
0 2033 487
0 2033 487
1 1705 1341
1 1705 1341
1 1705 1341
2 1528 726
2 1528 726
2 1528 726
3 2338 632
3 2338 632
3 2338 632
4 1780 447
4 1780 447
4 1780 447
4 1780 447
4 1780 447
0 2031 508
0 2031 508
0 2031 508
1 1706 1358
1 1706 1358
1 1706 1358
2 1527 744
2 1527 744
2 1527 744
3 2336 651
3 2336 651
3 2336 651
4 1777 468
4 1777 468
4 1777 468
4 1777 468
4 1777 468
0 2028 530
0 2028 530
0 2028 530
1 1708 1380
1 1708 1380
1 1708 1380
2 1526 767
2 1526 767
2 1526 767
3 2335 671
3 2335 671
3 2335 671
4 1774 487
4 1774 487
4 1774 487
4 1774 487
4 1774 487
0 2027 547
0 2027 547
0 2027 547
1 1710 1402
1 1710 1402
1 1710 1402
2 1525 789
2 1525 789
2 1525 789
3 2334 689
3 2334 689
3 2334 689
4 1772 509
4 1772 509
4 1772 509
4 1772 509
4 1772 509
0 2026 563
0 2026 563
0 2026 563
1 1713 1423
1 1713 1423
1 1713 1423
2 1524 806
2 1524 806
2 1524 806
3 2333 708
3 2333 708
3 2333 708
4 1770 531
4 1770 531
4 1770 531
4 1770 531
4 1770 531
0 2025 582
0 2025 582
0 2025 582
1 1716 1447
1 1716 1447
1 1716 1447
3 2332 727
3 2332 727
3 2332 727
4 1769 547
4 1769 547
4 1769 547
4 1769 547
4 1769 547
0 2024 601
0 2024 601
0 2024 601
1 1717 1465
1 1717 1465
1 1717 1465
1 1717 1465
2 1523 849
2 1523 849
2 1523 849
3 2331 744
3 2331 744
3 2331 744
4 1768 563
4 1768 563
4 1768 563
4 1768 563
4 1768 563
0 2023 618
0 2023 618
0 2023 618
1 1719 1484
1 1719 1484
1 1719 1484
1 1719 1484
2 1522 866
2 1522 866
2 1522 866
3 2330 762
3 2330 762
3 2330 762
4 1766 584
4 1766 584
4 1766 584
4 1766 584
4 1766 584
0 2022 636
0 2022 636
0 2022 636
1 1722 1510
1 1722 1510
1 1722 1510
1 1722 1510
2 1521 885
2 1521 885
2 1521 885
3 2329 782
3 2329 782
3 2329 782
4 1765 605
4 1765 605
4 1765 605
4 1765 605
4 1765 605
0 2021 655
0 2021 655
0 2021 655
1 1724 1530
1 1724 1530
1 1724 1530
4 1764 622
4 1764 622
4 1764 622
4 1764 622
4 1764 622
0 2020 671
0 2020 671
0 2020 671
2 1520 925
2 1520 925
2 1520 925
4 1763 641
4 1763 641
4 1763 641
4 1763 641
4 1763 641
2 1519 942
2 1519 942
2 1519 942
4 1762 659
4 1762 659
4 1762 659
4 1762 659
4 1761 675
4 1761 675
4 1761 675
4 1761 675
4 1760 690
4 1760 690
4 1760 690
4 1760 690
2 1520 997
2 1520 997
2 1520 997
4 1759 708
4 1759 708
4 1759 708
4 1759 708
0 2019 753
0 2019 753
0 2019 753
2 1521 1031
2 1521 1031
2 1521 1031
2 1522 1063
2 1522 1063
2 1522 1063
4 1758 774
4 1758 774
4 1758 774
4 1758 774
2 1523 1079
2 1523 1079
2 1523 1079
2 1524 1096
2 1524 1096
2 1524 1096
2 1525 1111
2 1525 1111
2 1525 1111
4 1757 832
4 1757 832
4 1757 832
4 1757 832
2 1526 1138
2 1526 1138
2 1526 1138
2 1527 1153
2 1527 1153
2 1527 1153
0 2018 896
0 2018 896
0 2018 896
2 1528 1193
2 1528 1193
2 1528 1193
2 1529 1205
2 1529 1205
2 1529 1205
4 1756 908
4 1756 908
4 1756 908
4 1756 908
0 2017 942
0 2017 942
0 2017 942
2 1530 1216
2 1530 1216
2 1530 1216
4 1755 943
4 1755 943
4 1755 943
4 1755 943
2 1529 1251
2 1529 1251
2 1529 1251
0 2016 982
0 2016 982
0 2016 982
2 1528 1261
2 1528 1261
2 1528 1261
4 1754 963
4 1754 963
4 1754 963
4 1754 963
4 1754 963
4 1753 973
4 1753 973
4 1753 973
4 1753 973
4 1753 973
0 2015 1001
0 2015 1001
0 2015 1001
2 1529 1280
2 1529 1280
2 1529 1280
4 1752 983
4 1752 983
4 1752 983
4 1752 983
4 1752 983
4 1752 983
0 2014 1010
0 2014 1010
0 2014 1010
3 2328 1144
3 2328 1144
3 2328 1144
0 2013 1018
0 2013 1018
0 2013 1018
4 1751 1002
4 1751 1002
4 1751 1002
4 1751 1002
4 1751 1002
3 2327 1159
3 2327 1159
3 2327 1159
3 2326 1166
3 2326 1166
3 2326 1166
0 2012 1039
0 2012 1039
0 2012 1039
2 1528 1325
2 1528 1325
2 1528 1325
0 2011 1047
0 2011 1047
0 2011 1047
2 1527 1332
2 1527 1332
2 1527 1332
4 1749 1031
4 1749 1031
4 1749 1031
4 1749 1031
4 1749 1031
4 1747 1038
4 1747 1038
4 1747 1038
4 1747 1038
2 1526 1345
2 1526 1345
2 1526 1345
4 1746 1044
4 1746 1044
4 1746 1044
4 1746 1044
4 1746 1044
0 2010 1068
0 2010 1068
0 2010 1068
3 2325 1202
3 2325 1202
3 2325 1202
4 1744 1050
4 1744 1050
4 1744 1050
4 1744 1050
4 1744 1050
0 2009 1074
0 2009 1074
0 2009 1074
4 1742 1057
4 1742 1057
4 1742 1057
4 1742 1057
4 1742 1057
4 1742 1057
3 2324 1211
3 2324 1211
3 2324 1211
4 1741 1064
4 1741 1064
4 1741 1064
4 1741 1064
3 2323 1215
3 2323 1215
3 2323 1215
4 1740 1069
4 1740 1069
4 1740 1069
4 1740 1069
4 1739 1073
4 1739 1073
4 1739 1073
4 1739 1073
3 2322 1222
3 2322 1222
3 2322 1222
4 1738 1077
4 1738 1077
4 1738 1077
4 1738 1077
3 2321 1226
3 2321 1226
3 2321 1226
4 1737 1081
4 1737 1081
4 1737 1081
4 1737 1081
3 2320 1229
3 2320 1229
3 2320 1229
4 1736 1084
4 1736 1084
4 1736 1084
4 1736 1084
0 2008 1098
0 2008 1098
0 2008 1098
3 2319 1231
3 2319 1231
3 2319 1231
4 1735 1087
4 1735 1087
4 1735 1087
4 1735 1087
4 1735 1087
4 1734 1091
4 1734 1091
4 1734 1091
4 1734 1091
2 1525 1399
2 1525 1399
2 1525 1399
3 2318 1237
3 2318 1237
3 2318 1237
4 1733 1094
4 1733 1094
4 1733 1094
4 1733 1094
4 1732 1097
4 1732 1097
4 1732 1097
4 1732 1097
0 2007 1110
0 2007 1110
0 2007 1110
4 1731 1100
4 1731 1100
4 1731 1100
4 1731 1100
4 1731 1100
3 2317 1246
3 2317 1246
3 2317 1246
3 2317 1246
4 1730 1103
4 1730 1103
4 1730 1103
4 1730 1103
4 1729 1106
4 1729 1106
4 1729 1106
4 1729 1106
0 2006 1119
0 2006 1119
0 2006 1119
0 2006 1119
0 2005 1126
0 2005 1126
0 2005 1126
0 2005 1126
4 1728 1115
4 1728 1115
4 1728 1115
4 1728 1115
4 1728 1115
4 1728 1115
3 2316 1264
3 2316 1264
3 2316 1264
4 1727 1119
4 1727 1119
4 1727 1119
4 1727 1119
0 2004 1133
0 2004 1133
0 2004 1133
0 2004 1133
4 1726 1122
4 1726 1122
4 1726 1122
4 1726 1122
4 1726 1122
0 2003 1136
0 2003 1136
0 2003 1136
4 1725 1126
4 1725 1126
4 1725 1126
4 1725 1126
4 1725 1126
4 1725 1126
0 2002 1139
0 2002 1139
0 2002 1139
3 2315 1274
3 2315 1274
3 2315 1274
4 1724 1130
4 1724 1130
4 1724 1130
4 1724 1130
4 1724 1130
0 2001 1141
0 2001 1141
0 2001 1141
3 2314 1277
3 2314 1277
3 2314 1277
4 1723 1133
4 1723 1133
4 1723 1133
4 1723 1133
4 1723 1133
0 2000 1143
0 2000 1143
0 2000 1143
3 2313 1279
3 2313 1279
3 2313 1279
3 2312 1282
3 2312 1282
3 2312 1282
4 1722 1139
4 1722 1139
4 1722 1139
4 1722 1139
0 1999 1149
0 1999 1149
0 1999 1149
4 1721 1142
4 1721 1142
4 1721 1142
4 1721 1142
4 1721 1142
0 1998 1151
0 1998 1151
0 1998 1151
4 1720 1145
4 1720 1145
4 1720 1145
4 1720 1145
4 1720 1145
0 1997 1154
0 1997 1154
0 1997 1154
3 2311 1288
3 2311 1288
3 2311 1288
4 1719 1148
4 1719 1148
4 1719 1148
4 1719 1148
4 1719 1148
0 1996 1156
0 1996 1156
0 1996 1156
4 1718 1151
4 1718 1151
4 1718 1151
4 1718 1151
4 1718 1151
3 2310 1292
3 2310 1292
3 2310 1292
4 1717 1153
4 1717 1153
4 1717 1153
4 1717 1153
3 2309 1295
3 2309 1295
3 2309 1295
3 2309 1295
4 1716 1155
4 1716 1155
4 1716 1155
4 1716 1155
0 1995 1164
0 1995 1164
0 1995 1164
3 2308 1297
3 2308 1297
3 2308 1297
4 1715 1158
4 1715 1158
4 1715 1158
4 1715 1158
4 1715 1158
0 1994 1167
0 1994 1167
0 1994 1167
3 2307 1299
3 2307 1299
3 2307 1299
4 1714 1161
4 1714 1161
4 1714 1161
4 1714 1161
4 1714 1161
0 1993 1170
0 1993 1170
0 1993 1170
3 2306 1302
3 2306 1302
3 2306 1302
4 1713 1163
4 1713 1163
4 1713 1163
4 1713 1163
4 1713 1163
0 1992 1172
0 1992 1172
0 1992 1172
3 2305 1306
3 2305 1306
3 2305 1306
3 2305 1306
4 1712 1165
4 1712 1165
4 1712 1165
4 1712 1165
4 1712 1165
3 2304 1310
3 2304 1310
3 2304 1310
4 1711 1167
4 1711 1167
4 1711 1167
4 1711 1167
3 2303 1315
3 2303 1315
3 2303 1315
3 2303 1315
0 1991 1180
0 1991 1180
0 1991 1180
3 2302 1320
3 2302 1320
3 2302 1320
4 1710 1173
4 1710 1173
4 1710 1173
4 1710 1173
4 1710 1173
0 1990 1183
0 1990 1183
0 1990 1183
0 1990 1183
2 1526 1480
2 1526 1480
2 1526 1480
3 2301 1325
3 2301 1325
3 2301 1325
4 1709 1176
4 1709 1176
4 1709 1176
4 1709 1176
4 1709 1176
0 1989 1187
0 1989 1187
0 1989 1187
0 1989 1187
2 1527 1483
2 1527 1483
2 1527 1483
3 2300 1329
3 2300 1329
3 2300 1329
4 1708 1180
4 1708 1180
4 1708 1180
4 1708 1180
4 1708 1180
0 1988 1191
0 1988 1191
0 1988 1191
2 1528 1492
2 1528 1492
2 1528 1492
3 2299 1335
3 2299 1335
3 2299 1335
4 1707 1192
4 1707 1192
4 1707 1192
4 1707 1192
3 2298 1338
3 2298 1338
3 2298 1338
0 1987 1203
0 1987 1203
0 1987 1203
3 2297 1341
3 2297 1341
3 2297 1341
0 1986 1212
0 1986 1212
0 1986 1212
4 1706 1209
4 1706 1209
4 1706 1209
4 1706 1209
4 1706 1209
0 1985 1221
0 1985 1221
0 1985 1221
2 1529 1527
2 1529 1527
2 1529 1527
2 1530 1532
2 1530 1532
2 1530 1532
2 1531 1538
2 1531 1538
2 1531 1538
3 2296 1376
3 2296 1376
3 2296 1376
3 2296 1376
2 1532 1544
2 1532 1544
2 1532 1544
2 1533 1551
2 1533 1551
2 1533 1551
2 1533 1551
2 1533 1551
2 1534 1557
2 1534 1557
2 1534 1557
4 1705 1246
4 1705 1246
4 1705 1246
4 1705 1246
0 1984 1256
0 1984 1256
0 1984 1256
2 1535 1564
2 1535 1564
2 1535 1564
2 1536 1570
2 1536 1570
2 1536 1570
4 1704 1258
4 1704 1258
4 1704 1258
4 1704 1258
0 1983 1267
0 1983 1267
0 1983 1267
0 1982 1274
0 1982 1274
0 1982 1274
3 2295 1414
3 2295 1414
3 2295 1414
4 1703 1270
4 1703 1270
4 1703 1270
4 1703 1270
4 1703 1270
0 1981 1281
0 1981 1281
0 1981 1281
2 1537 1591
2 1537 1591
2 1537 1591
2 1537 1591
4 1702 1277
4 1702 1277
4 1702 1277
4 1702 1277
4 1702 1277
2 1538 1597
2 1538 1597
2 1538 1597
4 1701 1283
4 1701 1283
4 1701 1283
4 1701 1283
2 1539 1604
2 1539 1604
2 1539 1604
2 1539 1604
4 1700 1289
4 1700 1289
4 1700 1289
4 1700 1289
0 1980 1300
0 1980 1300
0 1980 1300
2 1540 1611
2 1540 1611
2 1540 1611
2 1540 1611
0 1979 1305
0 1979 1305
0 1979 1305
2 1541 1618
2 1541 1618
2 1541 1618
4 1699 1300
4 1699 1300
4 1699 1300
4 1699 1300
4 1699 1300
4 1699 1300
0 1978 1311
0 1978 1311
0 1978 1311
3 2294 1454
3 2294 1454
3 2294 1454
2 1542 1630
2 1542 1630
2 1542 1630
0 1977 1321
0 1977 1321
0 1977 1321
2 1543 1637
2 1543 1637
2 1543 1637
3 2293 1465
3 2293 1465
3 2293 1465
2 1544 1644
2 1544 1644
2 1544 1644
3 2292 1470
3 2292 1470
3 2292 1470
0 1976 1331
0 1976 1331
0 1976 1331
2 1545 1650
2 1545 1650
2 1545 1650
3 2291 1475
3 2291 1475
3 2291 1475
4 1698 1329
4 1698 1329
4 1698 1329
4 1698 1329
4 1698 1329
0 1975 1336
0 1975 1336
0 1975 1336
2 1546 1656
2 1546 1656
2 1546 1656
0 1974 1341
0 1974 1341
0 1974 1341
2 1547 1661
2 1547 1661
2 1547 1661
0 1973 1346
0 1973 1346
0 1973 1346
3 2290 1490
3 2290 1490
3 2290 1490
3 2289 1495
3 2289 1495
3 2289 1495
3 2289 1495
4 1697 1348
4 1697 1348
4 1697 1348
4 1697 1348
0 1972 1354
0 1972 1354
0 1972 1354
2 1548 1675
2 1548 1675
2 1548 1675
0 1971 1358
0 1971 1358
0 1971 1358
2 1549 1679
2 1549 1679
2 1549 1679
0 1970 1368
0 1970 1368
0 1970 1368
3 2288 1514
3 2288 1514
3 2288 1514
0 1969 1374
0 1969 1374
0 1969 1374
3 2287 1526
3 2287 1526
3 2287 1526
2 1548 1722
2 1548 1722
2 1548 1722
2 1547 1735
2 1547 1735
2 1547 1735
2 1547 1735
2 1547 1735
