0 3429 796
0 3429 796
0 3429 796
0 3429 796
0 3429 796
0 3429 796
1 3207 796
1 3207 796
1 3207 796
1 3207 796
1 3207 796
1 3207 796
1 3207 796
1 3204 795
1 3204 795
1 3204 795
1 3204 795
1 3201 795
1 3201 795
1 3201 795
1 3197 795
1 3197 794
1 3197 794
1 3197 794
1 3197 794
1 3197 794
1 3193 792
1 3193 792
1 3193 792
2 3637 961
2 3637 961
2 3637 961
2 3637 961
2 3637 961
0 3426 794
0 3426 794
0 3426 794
1 3188 790
1 3188 790
1 3188 790
1 3188 790
1 3188 790
0 3422 792
0 3422 792
0 3422 792
0 3422 792
1 3181 788
1 3181 788
1 3181 788
3 3192 1594
3 3192 1594
3 3192 1594
3 3192 1594
3 3192 1594
3 3192 1594
3 3192 1594
0 3415 788
0 3415 788
0 3415 788
1 3171 784
1 3171 784
1 3171 784
0 3406 784
0 3406 784
0 3406 784
0 3406 784
1 3158 779
1 3158 779
1 3158 779
1 3158 779
2 3627 958
2 3627 958
2 3627 958
3 3189 1591
3 3189 1591
3 3189 1591
3 3189 1591
3 3189 1591
0 3390 777
0 3390 777
0 3390 777
1 3137 773
1 3137 773
1 3137 773
2 3617 954
2 3617 954
2 3617 954
3 3182 1585
3 3182 1585
3 3182 1585
3 3182 1585
3 3182 1585
0 3368 769
0 3368 769
0 3368 769
1 3112 767
1 3112 767
1 3112 767
2 3603 950
2 3603 950
2 3603 950
3 3173 1578
3 3173 1578
3 3173 1578
3 3173 1578
3 3173 1578
0 3335 761
0 3335 761
0 3335 761
1 3078 762
1 3078 762
1 3078 762
2 3581 943
2 3581 943
2 3581 943
3 3159 1569
3 3159 1569
3 3159 1569
4 2819 1088
4 2819 1088
4 2819 1088
4 2819 1088
4 2819 1088
4 2819 1088
4 2819 1088
0 3301 755
0 3301 755
0 3301 755
1 3043 758
1 3043 758
1 3043 758
2 3551 935
2 3551 935
2 3551 935
3 3141 1560
3 3141 1560
3 3141 1560
3 3141 1560
4 2815 1087
4 2815 1087
4 2815 1087
4 2815 1087
4 2815 1087
4 2815 1087
4 2815 1087
4 2815 1087
0 3260 749
0 3260 749
0 3260 749
1 3009 756
1 3009 756
1 3009 756
2 3517 928
2 3517 928
2 3517 928
3 3119 1551
3 3119 1551
3 3119 1551
4 2803 1085
4 2803 1085
4 2803 1085
4 2803 1085
4 2803 1085
0 3216 744
0 3216 744
0 3216 744
1 2971 754
1 2971 754
1 2971 754
2 3482 921
2 3482 921
2 3482 921
2 3482 921
3 3094 1542
3 3094 1542
3 3094 1542
4 2781 1084
4 2781 1084
4 2781 1084
4 2781 1084
4 2781 1084
0 3182 741
0 3182 741
0 3182 741
2 3439 910
2 3439 910
2 3439 910
3 3061 1532
3 3061 1532
3 3061 1532
4 2750 1082
4 2750 1082
4 2750 1082
4 2750 1082
4 2750 1082
0 3137 737
0 3137 737
0 3137 737
1 2888 752
1 2888 752
1 2888 752
2 3395 898
2 3395 898
2 3395 898
2 3395 898
3 3018 1521
3 3018 1521
3 3018 1521
4 2718 1081
4 2718 1081
4 2718 1081
4 2718 1081
4 2718 1081
0 3100 733
0 3100 733
0 3100 733
1 2853 751
1 2853 751
1 2853 751
2 3365 892
2 3365 892
2 3365 892
3 2984 1513
3 2984 1513
3 2984 1513
4 2683 1079
4 2683 1079
4 2683 1079
4 2683 1079
4 2683 1079
0 3067 731
0 3067 731
0 3067 731
1 2813 750
1 2813 750
1 2813 750
2 3326 884
2 3326 884
2 3326 884
3 2949 1507
3 2949 1507
3 2949 1507
4 2644 1077
4 2644 1077
4 2644 1077
4 2644 1077
4 2644 1077
0 3024 726
0 3024 726
0 3024 726
2 3286 876
2 3286 876
2 3286 876
3 2914 1501
3 2914 1501
3 2914 1501
4 2609 1075
4 2609 1075
4 2609 1075
4 2609 1075
4 2609 1075
0 2988 721
0 2988 721
0 2988 721
0 2988 721
1 2735 748
1 2735 748
1 2735 748
2 3252 871
2 3252 871
2 3252 871
3 2874 1496
3 2874 1496
3 2874 1496
4 2570 1073
4 2570 1073
4 2570 1073
4 2570 1073
4 2570 1073
0 2940 713
0 2940 713
0 2940 713
0 2940 713
1 2691 747
1 2691 747
1 2691 747
2 3214 866
2 3214 866
2 3214 866
2 3214 866
3 2834 1491
3 2834 1491
3 2834 1491
4 2531 1071
4 2531 1071
4 2531 1071
4 2531 1071
4 2531 1071
0 2889 706
0 2889 706
0 2889 706
1 2637 745
1 2637 745
1 2637 745
2 3174 859
2 3174 859
2 3174 859
2 3174 859
3 2800 1487
3 2800 1487
3 2800 1487
4 2487 1070
4 2487 1070
4 2487 1070
4 2487 1070
4 2487 1070
0 2851 703
0 2851 703
0 2851 703
1 2597 744
1 2597 744
1 2597 744
2 3126 851
2 3126 851
2 3126 851
3 2756 1482
3 2756 1482
3 2756 1482
4 2439 1071
4 2439 1071
4 2439 1071
4 2439 1071
4 2439 1071
0 2803 700
0 2803 700
0 2803 700
1 2550 743
1 2550 743
1 2550 743
2 3078 844
2 3078 844
2 3078 844
2 3078 844
3 2717 1478
3 2717 1478
3 2717 1478
3 2717 1478
3 2717 1478
4 2389 1072
4 2389 1072
4 2389 1072
4 2389 1072
4 2389 1072
0 2748 696
0 2748 696
0 2748 696
1 2495 742
1 2495 742
1 2495 742
2 3030 837
2 3030 837
2 3030 837
3 2673 1474
3 2673 1474
3 2673 1474
3 2673 1474
4 2343 1073
4 2343 1073
4 2343 1073
4 2343 1073
4 2343 1073
0 2699 694
0 2699 694
0 2699 694
1 2445 741
1 2445 741
1 2445 741
2 2986 829
2 2986 829
2 2986 829
2 2986 829
3 2624 1470
3 2624 1470
3 2624 1470
3 2624 1470
4 2297 1075
4 2297 1075
4 2297 1075
4 2297 1075
4 2297 1075
0 2648 693
0 2648 693
0 2648 693
1 2390 740
1 2390 740
1 2390 740
2 2934 823
2 2934 823
2 2934 823
3 2585 1466
3 2585 1466
3 2585 1466
4 2241 1079
4 2241 1079
4 2241 1079
4 2241 1079
4 2241 1079
4 2241 1079
0 2602 691
0 2602 691
0 2602 691
2 2877 817
2 2877 817
2 2877 817
3 2540 1464
3 2540 1464
3 2540 1464
4 2198 1082
4 2198 1082
4 2198 1082
4 2198 1082
4 2198 1082
4 2198 1082
4 2198 1082
0 2550 688
0 2550 688
0 2550 688
2 2828 813
2 2828 813
2 2828 813
3 2491 1461
3 2491 1461
3 2491 1461
4 2146 1085
4 2146 1085
4 2146 1085
4 2146 1085
4 2146 1085
0 2488 685
0 2488 685
0 2488 685
2 2774 807
2 2774 807
2 2774 807
3 2434 1458
3 2434 1458
3 2434 1458
4 2040 1089
4 2040 1089
4 2040 1089
4 2040 1089
4 2040 1089
4 2040 1089
4 2040 1089
0 2434 684
0 2434 684
0 2434 684
1 2182 741
1 2182 741
1 2182 741
2 2730 804
2 2730 804
2 2730 804
3 2384 1456
3 2384 1456
3 2384 1456
0 2378 682
0 2378 682
0 2378 682
1 2126 742
1 2126 742
1 2126 742
2 2684 801
2 2684 801
2 2684 801
3 2346 1455
3 2346 1455
3 2346 1455
3 2346 1455
3 2346 1455
0 2322 681
0 2322 681
0 2322 681
1 2076 743
1 2076 743
1 2076 743
2 2622 796
2 2622 796
2 2622 796
2 2622 796
3 2297 1454
3 2297 1454
3 2297 1454
3 2297 1454
3 2297 1454
0 2272 679
0 2272 679
0 2272 679
1 2026 744
1 2026 744
1 2026 744
2 2567 789
2 2567 789
2 2567 789
3 2242 1452
3 2242 1452
3 2242 1452
3 2242 1452
3 2242 1452
0 2227 677
0 2227 677
0 2227 677
2 2524 783
2 2524 783
2 2524 783
3 2197 1450
3 2197 1450
3 2197 1450
3 2197 1450
3 2197 1450
0 2169 675
0 2169 675
0 2169 675
1 1913 745
1 1913 745
1 1913 745
2 2481 778
2 2481 778
2 2481 778
3 2152 1449
3 2152 1449
3 2152 1449
3 2152 1449
3 2152 1449
0 2112 674
0 2112 674
0 2112 674
1 1858 746
1 1858 746
1 1858 746
2 2425 771
2 2425 771
2 2425 771
0 2054 673
0 2054 673
0 2054 673
1 1807 747
1 1807 747
1 1807 747
2 2369 764
2 2369 764
2 2369 764
3 2048 1448
3 2048 1448
3 2048 1448
3 2048 1448
3 2048 1448
0 1996 672
0 1996 672
0 1996 672
1 1754 750
1 1754 750
1 1754 750
2 2319 759
2 2319 759
2 2319 759
3 1997 1447
3 1997 1447
3 1997 1447
3 1997 1447
3 1997 1447
0 1940 673
0 1940 673
0 1940 673
1 1648 760
1 1648 760
1 1648 760
1 1648 760
1 1648 760
2 2263 755
2 2263 755
2 2263 755
2 2263 755
2 2207 751
2 2207 751
2 2207 751
2 2152 748
2 2152 748
2 2152 748
2 2102 746
2 2102 746
2 2102 746
2 2045 743
2 2045 743
2 2045 743
0 1661 674
0 1661 674
0 1661 674
2 1989 741
2 1989 741
2 1989 741
3 1706 1448
3 1706 1448
3 1706 1448
3 1706 1448
3 1706 1448
0 1605 675
0 1605 675
0 1605 675
2 1939 740
2 1939 740
2 1939 740
3 1657 1449
3 1657 1449
3 1657 1449
3 1657 1449
3 1657 1449
2 1883 739
2 1883 739
2 1883 739
3 1608 1450
3 1608 1450
3 1608 1450
3 1608 1450
0 1493 674
0 1493 674
0 1493 674
2 1833 738
2 1833 738
2 1833 738
3 1558 1451
3 1558 1451
3 1558 1451
3 1558 1451
3 1558 1451
2 1735 735
2 1735 735
2 1735 735
2 1735 735
2 1735 735
3 1508 1450
3 1508 1450
3 1508 1450
3 1508 1450
0 1401 675
0 1401 675
0 1401 675
1 1686 732
1 1686 732
1 1686 732
1 1686 732
1 1686 732
1 1686 732
0 1345 676
0 1345 676
0 1345 676
1 1670 731
1 1670 731
1 1670 731
1 1670 731
1 1670 731
1 1670 731
0 1295 677
0 1295 677
0 1295 677
1 1626 730
1 1626 730
1 1626 730
0 1240 678
0 1240 678
0 1240 678
1 1578 728
1 1578 728
1 1578 728
0 1196 679
0 1196 679
0 1196 679
1 1530 726
1 1530 726
1 1530 726
0 1152 680
0 1152 680
0 1152 680
1 1481 725
1 1481 725
1 1481 725
0 1103 682
0 1103 682
0 1103 682
1 1432 723
1 1432 723
1 1432 723
3 1203 1451
3 1203 1451
3 1203 1451
3 1203 1451
3 1203 1451
0 1059 683
0 1059 683
0 1059 683
2 776 785
2 776 785
2 776 785
2 776 785
2 776 785
2 776 785
0 1016 686
0 1016 686
0 1016 686
1 1350 724
1 1350 724
1 1350 724
2 768 786
2 768 786
2 768 786
2 768 786
2 768 786
2 768 786
0 972 688
0 972 688
0 972 688
1 1305 725
1 1305 725
1 1305 725
2 738 789
2 738 789
2 738 789
2 738 789
3 1082 1452
3 1082 1452
3 1082 1452
3 1082 1452
3 1082 1452
0 928 690
0 928 690
0 928 690
1 1260 726
1 1260 726
1 1260 726
2 690 795
2 690 795
2 690 795
3 1038 1453
3 1038 1453
3 1038 1453
3 1038 1453
3 1038 1453
0 884 692
0 884 692
0 884 692
1 1216 727
1 1216 727
1 1216 727
2 647 801
2 647 801
2 647 801
3 998 1454
3 998 1454
3 998 1454
3 998 1454
3 998 1454
0 841 695
0 841 695
0 841 695
1 1177 728
1 1177 728
1 1177 728
1 1177 728
2 608 806
2 608 806
2 608 806
3 963 1455
3 963 1455
3 963 1455
3 963 1455
3 963 1455
0 803 697
0 803 697
0 803 697
1 1134 729
1 1134 729
1 1134 729
2 569 812
2 569 812
2 569 812
3 924 1457
3 924 1457
3 924 1457
3 924 1457
3 924 1457
0 768 698
0 768 698
0 768 698
1 1095 730
1 1095 730
1 1095 730
2 531 817
2 531 817
2 531 817
3 889 1458
3 889 1458
3 889 1458
3 889 1458
3 889 1458
0 723 701
0 723 701
0 723 701
1 1060 732
1 1060 732
1 1060 732
1 1060 732
2 492 823
2 492 823
2 492 823
2 492 823
3 845 1459
3 845 1459
3 845 1459
4 394 1178
4 394 1178
4 394 1178
4 394 1178
4 394 1178
4 394 1178
4 394 1178
4 394 1178
0 682 705
0 682 705
0 682 705
1 1020 733
1 1020 733
1 1020 733
2 458 829
2 458 829
2 458 829
3 810 1461
3 810 1461
3 810 1461
0 652 710
0 652 710
0 652 710
1 981 735
1 981 735
1 981 735
2 423 834
2 423 834
2 423 834
3 785 1462
3 785 1462
3 785 1462
3 785 1462
4 367 1179
4 367 1179
4 367 1179
4 367 1179
4 367 1179
0 618 713
0 618 713
0 618 713
1 948 737
1 948 737
1 948 737
2 389 838
2 389 838
2 389 838
3 751 1463
3 751 1463
3 751 1463
3 751 1463
4 337 1182
4 337 1182
4 337 1182
4 337 1182
4 337 1182
0 584 716
0 584 716
0 584 716
1 914 738
1 914 738
1 914 738
2 350 843
2 350 843
2 350 843
3 717 1464
3 717 1464
3 717 1464
3 717 1464
4 307 1184
4 307 1184
4 307 1184
4 307 1184
4 307 1184
0 553 719
0 553 719
0 553 719
2 317 846
2 317 846
2 317 846
3 689 1465
3 689 1465
3 689 1465
4 277 1186
4 277 1186
4 277 1186
4 277 1186
4 277 1186
0 522 721
0 522 721
0 522 721
2 292 848
2 292 848
2 292 848
3 666 1466
3 666 1466
3 666 1466
3 666 1466
4 247 1188
4 247 1188
4 247 1188
4 247 1188
4 247 1188
0 492 724
0 492 724
0 492 724
2 261 850
2 261 850
2 261 850
3 639 1467
3 639 1467
3 639 1467
3 639 1467
4 217 1190
4 217 1190
4 217 1190
4 217 1190
4 217 1190
0 461 726
0 461 726
0 461 726
2 231 852
2 231 852
2 231 852
4 190 1191
4 190 1191
4 190 1191
4 190 1191
4 190 1191
0 434 728
0 434 728
0 434 728
1 769 739
1 769 739
1 769 739
2 205 853
2 205 853
2 205 853
3 582 1466
3 582 1466
3 582 1466
3 582 1466
0 407 730
0 407 730
0 407 730
2 181 854
2 181 854
2 181 854
3 557 1465
3 557 1465
3 557 1465
0 380 731
0 380 731
0 380 731
2 157 855
2 157 855
2 157 855
3 539 1464
3 539 1464
3 539 1464
0 362 732
0 362 732
0 362 732
1 686 738
1 686 738
1 686 738
3 515 1462
3 515 1462
3 515 1462
4 77 1190
4 77 1190
4 77 1190
4 77 1190
4 77 1190
4 77 1190
3 494 1461
3 494 1461
3 494 1461
4 42 1189
4 42 1189
4 42 1189
4 42 1189
1 644 737
1 644 737
1 644 737
2 75 856
2 75 856
2 75 856
2 75 856
3 473 1459
3 473 1459
3 473 1459
1 624 735
1 624 735
1 624 735
3 450 1457
3 450 1457
3 450 1457
4 0 1188
4 0 1188
4 0 1188
4 0 1188
4 0 1188
4 0 1188
0 278 731
0 278 731
0 278 731
1 603 734
1 603 734
1 603 734
3 432 1456
3 432 1456
3 432 1456
0 258 730
0 258 730
0 258 730
1 583 733
1 583 733
1 583 733
2 0 852
2 0 852
2 0 852
2 0 852
2 0 852
3 418 1455
3 418 1455
3 418 1455
3 418 1455
3 418 1455
1 563 732
1 563 732
1 563 732
3 401 1453
3 401 1453
3 401 1453
3 401 1453
0 225 729
0 225 729
0 225 729
1 546 729
1 546 729
1 546 729
1 546 729
3 383 1451
3 383 1451
3 383 1451
3 383 1451
3 383 1451
0 208 728
0 208 728
0 208 728
1 532 728
1 532 728
1 532 728
3 367 1450
3 367 1450
3 367 1450
3 367 1450
3 367 1450
0 191 727
0 191 727
0 191 727
1 518 726
1 518 726
1 518 726
3 354 1449
3 354 1449
3 354 1449
3 354 1449
3 354 1449
0 178 726
0 178 726
0 178 726
1 504 724
1 504 724
1 504 724
3 339 1448
3 339 1448
3 339 1448
3 339 1448
3 339 1448
1 490 722
1 490 722
1 490 722
3 322 1447
3 322 1447
3 322 1447
3 322 1447
0 154 725
0 154 725
0 154 725
1 477 721
1 477 721
1 477 721
3 306 1446
3 306 1446
3 306 1446
3 306 1446
3 306 1446
1 464 720
1 464 720
1 464 720
3 294 1445
3 294 1445
3 294 1445
3 294 1445
0 128 724
0 128 724
0 128 724
1 451 719
1 451 719
1 451 719
3 283 1446
3 283 1446
3 283 1446
3 283 1446
3 283 1446
1 440 718
1 440 718
1 440 718
3 272 1447
3 272 1447
3 272 1447
3 272 1447
3 262 1449
3 262 1449
3 262 1449
3 262 1449
3 262 1449
0 41 723
0 41 723
0 41 723
0 41 723
0 41 723
3 256 1450
3 256 1450
3 256 1450
3 256 1450
3 256 1450
3 256 1450
3 256 1450
1 408 717
1 408 717
1 408 717
1 395 716
1 395 716
1 395 716
1 395 716
1 395 716
