0 426 675
0 426 675
0 426 675
0 426 675
0 426 675
0 426 675
1 684 600
1 684 600
1 684 600
1 684 600
1 684 600
1 684 600
1 684 600
1 684 600
2 712 1505
2 712 1505
2 712 1505
2 712 1505
2 712 1505
2 712 1505
3 297 1070
3 297 1070
3 297 1070
3 297 1070
3 297 1070
3 297 1070
3 297 1070
3 297 1070
1 685 601
1 685 601
1 685 601
0 428 676
0 428 676
0 428 676
1 687 602
1 687 602
1 687 602
3 298 1071
3 298 1071
3 298 1071
3 298 1071
3 298 1071
0 431 677
0 431 677
0 431 677
1 691 604
1 691 604
1 691 604
2 715 1504
2 715 1504
2 715 1504
4 1094 621
4 1094 621
4 1094 621
4 1094 621
4 1094 621
0 435 678
0 435 678
0 435 678
1 696 606
1 696 606
1 696 606
2 716 1503
2 716 1503
2 716 1503
0 440 679
0 440 679
0 440 679
1 701 608
1 701 608
1 701 608
2 718 1502
2 718 1502
2 718 1502
0 446 680
0 446 680
0 446 680
1 706 609
1 706 609
1 706 609
2 721 1500
2 721 1500
2 721 1500
4 1095 622
4 1095 622
4 1095 622
4 1095 622
4 1095 622
1 711 611
1 711 611
1 711 611
2 724 1498
2 724 1498
2 724 1498
3 314 1072
3 314 1072
3 314 1072
1 716 612
1 716 612
1 716 612
2 727 1496
2 727 1496
2 727 1496
1 723 613
1 723 613
1 723 613
2 731 1494
2 731 1494
2 731 1494
2 731 1494
4 1101 623
4 1101 623
4 1101 623
4 1101 623
0 468 681
0 468 681
0 468 681
1 730 615
1 730 615
1 730 615
2 737 1492
2 737 1492
2 737 1492
0 477 682
0 477 682
0 477 682
1 739 616
1 739 616
1 739 616
2 745 1488
2 745 1488
2 745 1488
2 745 1488
4 1110 624
4 1110 624
4 1110 624
4 1110 624
4 1110 624
4 1110 624
1 749 617
1 749 617
1 749 617
2 753 1485
2 753 1485
2 753 1485
2 753 1485
4 1118 625
4 1118 625
4 1118 625
4 1118 625
1 757 618
1 757 618
1 757 618
2 761 1482
2 761 1482
2 761 1482
4 1126 626
4 1126 626
4 1126 626
4 1126 626
0 508 683
0 508 683
0 508 683
1 765 619
1 765 619
1 765 619
2 770 1481
2 770 1481
2 770 1481
2 770 1481
2 770 1481
4 1134 627
4 1134 627
4 1134 627
4 1134 627
4 1134 627
1 775 620
1 775 620
1 775 620
2 780 1479
2 780 1479
2 780 1479
4 1142 628
4 1142 628
4 1142 628
4 1142 628
1 787 622
1 787 622
1 787 622
2 793 1477
2 793 1477
2 793 1477
2 793 1477
1 800 623
1 800 623
1 800 623
2 805 1475
2 805 1475
2 805 1475
4 1162 629
4 1162 629
4 1162 629
4 1162 629
1 812 624
1 812 624
1 812 624
2 817 1474
2 817 1474
2 817 1474
4 1175 631
4 1175 631
4 1175 631
4 1175 631
2 828 1473
2 828 1473
2 828 1473
1 836 625
1 836 625
1 836 625
2 842 1472
2 842 1472
2 842 1472
4 1200 633
4 1200 633
4 1200 633
4 1200 633
1 852 626
1 852 626
1 852 626
2 858 1471
2 858 1471
2 858 1471
3 450 1071
3 450 1071
3 450 1071
4 1213 635
4 1213 635
4 1213 635
4 1213 635
4 1213 635
4 1213 635
1 868 627
1 868 627
1 868 627
2 874 1470
2 874 1470
2 874 1470
4 1228 636
4 1228 636
4 1228 636
4 1228 636
0 637 684
0 637 684
0 637 684
2 891 1469
2 891 1469
2 891 1469
4 1245 638
4 1245 638
4 1245 638
4 1245 638
4 1245 638
4 1264 640
4 1264 640
4 1264 640
4 1264 640
4 1288 643
4 1288 643
4 1288 643
4 1288 643
3 552 1070
3 552 1070
3 552 1070
4 1311 646
4 1311 646
4 1311 646
4 1311 646
4 1311 646
3 573 1068
3 573 1068
3 573 1068
4 1334 648
4 1334 648
4 1334 648
4 1334 648
4 1334 648
0 749 683
0 749 683
0 749 683
1 1008 626
1 1008 626
1 1008 626
2 992 1468
2 992 1468
2 992 1468
3 597 1067
3 597 1067
3 597 1067
4 1358 650
4 1358 650
4 1358 650
4 1358 650
4 1358 650
4 1358 650
3 621 1066
3 621 1066
3 621 1066
4 1383 652
4 1383 652
4 1383 652
4 1383 652
4 1383 652
0 808 681
0 808 681
0 808 681
1 1062 625
1 1062 625
1 1062 625
3 648 1065
3 648 1065
3 648 1065
4 1413 653
4 1413 653
4 1413 653
4 1413 653
4 1413 653
0 835 680
0 835 680
0 835 680
3 673 1064
3 673 1064
3 673 1064
4 1440 654
4 1440 654
4 1440 654
4 1440 654
4 1440 654
4 1440 654
0 863 679
0 863 679
0 863 679
1 1122 624
1 1122 624
1 1122 624
4 1467 655
4 1467 655
4 1467 655
4 1467 655
4 1467 655
4 1467 655
0 895 678
0 895 678
0 895 678
1 1156 623
1 1156 623
1 1156 623
2 1121 1467
2 1121 1467
2 1121 1467
3 731 1063
3 731 1063
3 731 1063
4 1496 656
4 1496 656
4 1496 656
4 1496 656
4 1496 656
4 1496 656
0 927 677
0 927 677
0 927 677
2 1152 1465
2 1152 1465
2 1152 1465
3 762 1062
3 762 1062
3 762 1062
4 1531 659
4 1531 659
4 1531 659
4 1531 659
4 1531 659
3 792 1061
3 792 1061
3 792 1061
4 1562 661
4 1562 661
4 1562 661
4 1562 661
0 993 676
0 993 676
0 993 676
2 1213 1464
2 1213 1464
2 1213 1464
3 823 1060
3 823 1060
3 823 1060
4 1590 662
4 1590 662
4 1590 662
4 1590 662
4 1590 662
0 1028 674
0 1028 674
0 1028 674
1 1285 624
1 1285 624
1 1285 624
2 1247 1463
2 1247 1463
2 1247 1463
3 857 1059
3 857 1059
3 857 1059
4 1625 663
4 1625 663
4 1625 663
4 1625 663
4 1625 663
0 1062 673
0 1062 673
0 1062 673
2 1281 1462
2 1281 1462
2 1281 1462
3 895 1058
3 895 1058
3 895 1058
4 1663 665
4 1663 665
4 1663 665
4 1663 665
4 1663 665
0 1097 672
0 1097 672
0 1097 672
2 1313 1461
2 1313 1461
2 1313 1461
3 927 1057
3 927 1057
3 927 1057
4 1695 666
4 1695 666
4 1695 666
4 1695 666
4 1695 666
0 1140 670
0 1140 670
0 1140 670
1 1402 622
1 1402 622
1 1402 622
3 964 1056
3 964 1056
3 964 1056
4 1732 667
4 1732 667
4 1732 667
4 1732 667
4 1732 667
0 1174 669
0 1174 669
0 1174 669
1 1439 621
1 1439 621
1 1439 621
2 1383 1460
2 1383 1460
2 1383 1460
3 1002 1055
3 1002 1055
3 1002 1055
4 1777 669
4 1777 669
4 1777 669
4 1777 669
4 1777 669
3 1031 1053
3 1031 1053
3 1031 1053
4 1811 671
4 1811 671
4 1811 671
4 1811 671
0 1252 668
0 1252 668
0 1252 668
1 1511 620
1 1511 620
1 1511 620
3 1065 1052
3 1065 1052
3 1065 1052
4 1848 672
4 1848 672
4 1848 672
4 1848 672
4 1848 672
0 1290 667
0 1290 667
0 1290 667
4 1886 674
4 1886 674
4 1886 674
4 1886 674
4 1886 674
1 1589 622
1 1589 622
1 1589 622
2 1525 1459
2 1525 1459
2 1525 1459
3 1148 1051
3 1148 1051
3 1148 1051
4 1924 676
4 1924 676
4 1924 676
4 1924 676
0 1367 666
0 1367 666
0 1367 666
1 1633 623
1 1633 623
1 1633 623
2 1561 1458
2 1561 1458
2 1561 1458
4 1963 677
4 1963 677
4 1963 677
4 1963 677
4 1963 677
0 1410 665
0 1410 665
0 1410 665
1 1670 624
1 1670 624
1 1670 624
2 1596 1459
2 1596 1459
2 1596 1459
3 1223 1050
3 1223 1050
3 1223 1050
4 1998 678
4 1998 678
4 1998 678
4 1998 678
4 1998 678
1 1719 625
1 1719 625
1 1719 625
4 2043 680
4 2043 680
4 2043 680
4 2043 680
1 1760 626
1 1760 626
1 1760 626
2 1679 1458
2 1679 1458
2 1679 1458
4 2088 683
4 2088 683
4 2088 683
4 2088 683
4 2127 686
4 2127 686
4 2127 686
4 2127 686
0 1581 664
0 1581 664
0 1581 664
1 1846 627
1 1846 627
1 1846 627
3 1388 1049
3 1388 1049
3 1388 1049
4 2171 689
4 2171 689
4 2171 689
4 2171 689
4 2171 689
1 1890 628
1 1890 628
1 1890 628
2 1798 1459
2 1798 1459
2 1798 1459
4 2215 692
4 2215 692
4 2215 692
4 2215 692
0 1664 665
0 1664 665
0 1664 665
1 1928 629
1 1928 629
1 1928 629
4 2258 696
4 2258 696
4 2258 696
4 2258 696
4 2258 696
0 1708 666
0 1708 666
0 1708 666
1 1976 630
1 1976 630
1 1976 630
2 1882 1460
2 1882 1460
2 1882 1460
3 1510 1050
3 1510 1050
3 1510 1050
4 2302 700
4 2302 700
4 2302 700
4 2302 700
4 2302 700
0 1752 665
0 1752 665
0 1752 665
1 2021 632
1 2021 632
1 2021 632
2 1917 1462
2 1917 1462
2 1917 1462
2 1917 1462
3 1544 1051
3 1544 1051
3 1544 1051
4 2350 706
4 2350 706
4 2350 706
4 2350 706
4 2350 706
4 2350 706
1 2056 634
1 2056 634
1 2056 634
2 1957 1464
2 1957 1464
2 1957 1464
3 1588 1052
3 1588 1052
3 1588 1052
4 2394 710
4 2394 710
4 2394 710
4 2394 710
4 2394 710
0 1846 667
0 1846 667
0 1846 667
1 2102 637
1 2102 637
1 2102 637
2 1996 1465
2 1996 1465
2 1996 1465
3 1628 1053
3 1628 1053
3 1628 1053
4 2433 714
4 2433 714
4 2433 714
4 2433 714
4 2433 714
0 1890 669
0 1890 669
0 1890 669
1 2152 642
1 2152 642
1 2152 642
1 2152 642
2 2040 1466
2 2040 1466
2 2040 1466
4 2481 718
4 2481 718
4 2481 718
4 2481 718
4 2481 718
1 2195 645
1 2195 645
1 2195 645
1 2195 645
2 2083 1468
2 2083 1468
2 2083 1468
2 2083 1468
3 1719 1054
3 1719 1054
3 1719 1054
4 2529 724
4 2529 724
4 2529 724
4 2529 724
1 2238 649
1 2238 649
1 2238 649
2 2126 1470
2 2126 1470
2 2126 1470
4 2568 729
4 2568 729
4 2568 729
4 2568 729
1 2288 653
1 2288 653
1 2288 653
3 1797 1053
3 1797 1053
3 1797 1053
4 2612 733
4 2612 733
4 2612 733
4 2612 733
1 2330 655
1 2330 655
1 2330 655
4 2661 739
4 2661 739
4 2661 739
4 2661 739
0 2111 670
0 2111 670
0 2111 670
1 2371 658
1 2371 658
1 2371 658
2 2248 1472
2 2248 1472
2 2248 1472
3 1888 1054
3 1888 1054
3 1888 1054
4 2700 742
4 2700 742
4 2700 742
4 2700 742
4 2700 742
0 2166 671
0 2166 671
0 2166 671
1 2421 662
1 2421 662
1 2421 662
3 1923 1055
3 1923 1055
3 1923 1055
4 2739 745
4 2739 745
4 2739 745
4 2739 745
4 2739 745
0 2204 672
0 2204 672
0 2204 672
1 2460 665
1 2460 665
1 2460 665
2 2338 1471
2 2338 1471
2 2338 1471
3 1967 1056
3 1967 1056
3 1967 1056
4 2789 749
4 2789 749
4 2789 749
4 2789 749
4 2789 749
0 2242 673
0 2242 673
0 2242 673
1 2498 668
1 2498 668
1 2498 668
2 2374 1473
2 2374 1473
2 2374 1473
3 2006 1057
3 2006 1057
3 2006 1057
4 2831 752
4 2831 752
4 2831 752
4 2831 752
4 2831 752
0 2296 674
0 2296 674
0 2296 674
1 2549 671
1 2549 671
1 2549 671
2 2422 1475
2 2422 1475
2 2422 1475
4 2866 755
4 2866 755
4 2866 755
4 2866 755
4 2866 755
0 2334 675
0 2334 675
0 2334 675
1 2591 674
1 2591 674
1 2591 674
2 2460 1476
2 2460 1476
2 2460 1476
4 2910 760
4 2910 760
4 2910 760
4 2910 760
4 2910 760
0 2366 676
0 2366 676
0 2366 676
1 2626 677
1 2626 677
1 2626 677
3 2123 1058
3 2123 1058
3 2123 1058
4 2948 767
4 2948 767
4 2948 767
4 2948 767
4 2948 767
1 2674 680
1 2674 680
1 2674 680
3 2166 1059
3 2166 1059
3 2166 1059
4 2987 773
4 2987 773
4 2987 773
4 2987 773
1 2711 682
1 2711 682
1 2711 682
2 2566 1477
2 2566 1477
2 2566 1477
4 3023 777
4 3023 777
4 3023 777
4 3023 777
0 2487 677
0 2487 677
0 2487 677
1 2743 683
1 2743 683
1 2743 683
2 2605 1480
2 2605 1480
2 2605 1480
4 3058 781
4 3058 781
4 3058 781
4 3058 781
4 3058 781
0 2523 678
0 2523 678
0 2523 678
1 2778 685
1 2778 685
1 2778 685
2 2640 1481
2 2640 1481
2 2640 1481
4 3092 784
4 3092 784
4 3092 784
4 3092 784
4 3092 784
1 2812 687
1 2812 687
1 2812 687
3 2301 1060
3 2301 1060
3 2301 1060
4 3123 787
4 3123 787
4 3123 787
4 3123 787
0 2591 679
0 2591 679
0 2591 679
1 2844 688
1 2844 688
1 2844 688
2 2707 1482
2 2707 1482
2 2707 1482
3 2329 1061
3 2329 1061
3 2329 1061
4 3157 790
4 3157 790
4 3157 790
4 3157 790
4 3157 790
1 2871 689
1 2871 689
1 2871 689
3 2361 1062
3 2361 1062
3 2361 1062
4 3190 793
4 3190 793
4 3190 793
4 3190 793
1 2899 690
1 2899 690
1 2899 690
4 3218 795
4 3218 795
4 3218 795
4 3218 795
1 2931 692
1 2931 692
1 2931 692
3 2420 1063
3 2420 1063
3 2420 1063
4 3245 797
4 3245 797
4 3245 797
4 3245 797
1 2961 694
1 2961 694
1 2961 694
4 3272 799
4 3272 799
4 3272 799
4 3272 799
2 2843 1481
2 2843 1481
2 2843 1481
3 2468 1062
3 2468 1062
3 2468 1062
4 3300 801
4 3300 801
4 3300 801
4 3300 801
0 2756 680
0 2756 680
0 2756 680
1 3004 695
1 3004 695
1 3004 695
3 2495 1061
3 2495 1061
3 2495 1061
4 3327 803
4 3327 803
4 3327 803
4 3327 803
4 3327 803
1 3027 697
1 3027 697
1 3027 697
3 2520 1060
3 2520 1060
3 2520 1060
1 3050 698
1 3050 698
1 3050 698
3 2539 1059
3 2539 1059
3 2539 1059
0 2824 679
0 2824 679
0 2824 679
3 2560 1058
3 2560 1058
3 2560 1058
4 3382 804
4 3382 804
4 3382 804
4 3382 804
4 3382 804
0 2842 678
0 2842 678
0 2842 678
1 3091 697
1 3091 697
1 3091 697
2 2950 1482
2 2950 1482
2 2950 1482
3 2579 1057
3 2579 1057
3 2579 1057
4 3401 805
4 3401 805
4 3401 805
4 3401 805
4 3401 805
0 2857 677
0 2857 677
0 2857 677
3 2594 1056
3 2594 1056
3 2594 1056
4 3417 806
4 3417 806
4 3417 806
4 3417 806
4 3417 806
0 2874 676
0 2874 676
0 2874 676
3 2609 1054
3 2609 1054
3 2609 1054
4 3434 807
4 3434 807
4 3434 807
4 3434 807
4 3434 807
0 2892 675
0 2892 675
0 2892 675
1 3138 696
1 3138 696
1 3138 696
3 2627 1052
3 2627 1052
3 2627 1052
0 2908 673
0 2908 673
0 2908 673
3 2707 1039
3 2707 1039
3 2707 1039
3 2707 1039
3 2707 1039
0 2916 671
0 2916 671
0 2916 671
0 2916 671
0 2916 671
1 3160 695
1 3160 695
1 3160 695
1 3160 695
1 3160 695
