0 1512 1430
0 1512 1430
0 1512 1430
0 1512 1430
0 1512 1430
0 1512 1430
1 1730 1341
1 1730 1341
1 1730 1341
1 1730 1341
1 1730 1341
1 1730 1341
2 2015 1322
2 2015 1322
2 2015 1322
2 2015 1322
2 2015 1322
2 2015 1322
3 1475 1684
3 1475 1684
3 1475 1684
3 1475 1684
2 2014 1317
2 2014 1317
2 2014 1317
2 2013 1315
2 2013 1315
2 2013 1315
2 2012 1311
2 2012 1311
2 2012 1311
2 2011 1306
2 2011 1306
2 2011 1306
3 1472 1683
3 1472 1683
3 1472 1683
4 1940 1916
4 1940 1916
4 1940 1916
4 1940 1916
4 1940 1916
4 1940 1916
4 1940 1916
0 1513 1425
0 1513 1425
0 1513 1425
1 1731 1325
1 1731 1325
1 1731 1325
2 2010 1300
2 2010 1300
2 2010 1300
3 1471 1682
3 1471 1682
3 1471 1682
0 1514 1423
0 1514 1423
0 1514 1423
2 2009 1294
2 2009 1294
2 2009 1294
3 1470 1681
3 1470 1681
3 1470 1681
3 1470 1681
0 1515 1421
0 1515 1421
0 1515 1421
2 2008 1287
2 2008 1287
2 2008 1287
3 1469 1680
3 1469 1680
3 1469 1680
3 1469 1680
3 1469 1680
2 2007 1280
2 2007 1280
2 2007 1280
3 1468 1678
3 1468 1678
3 1468 1678
0 1516 1417
0 1516 1417
0 1516 1417
2 2006 1272
2 2006 1272
2 2006 1272
3 1467 1676
3 1467 1676
3 1467 1676
0 1517 1413
0 1517 1413
0 1517 1413
1 1732 1314
1 1732 1314
1 1732 1314
2 2005 1264
2 2005 1264
2 2005 1264
3 1466 1674
3 1466 1674
3 1466 1674
0 1518 1409
0 1518 1409
0 1518 1409
1 1733 1308
1 1733 1308
1 1733 1308
2 2004 1255
2 2004 1255
2 2004 1255
3 1465 1672
3 1465 1672
3 1465 1672
3 1465 1672
0 1519 1404
0 1519 1404
0 1519 1404
1 1734 1302
1 1734 1302
1 1734 1302
3 1464 1668
3 1464 1668
3 1464 1668
4 1938 1895
4 1938 1895
4 1938 1895
4 1938 1895
4 1938 1895
2 2003 1237
2 2003 1237
2 2003 1237
3 1463 1664
3 1463 1664
3 1463 1664
4 1936 1887
4 1936 1887
4 1936 1887
4 1936 1887
0 1520 1391
0 1520 1391
0 1520 1391
1 1735 1287
1 1735 1287
1 1735 1287
2 2002 1227
2 2002 1227
2 2002 1227
3 1462 1659
3 1462 1659
3 1462 1659
4 1935 1880
4 1935 1880
4 1935 1880
4 1935 1880
4 1935 1880
2 2000 1215
2 2000 1215
2 2000 1215
3 1461 1653
3 1461 1653
3 1461 1653
4 1934 1871
4 1934 1871
4 1934 1871
4 1934 1871
2 1999 1203
2 1999 1203
2 1999 1203
3 1460 1646
3 1460 1646
3 1460 1646
4 1933 1860
4 1933 1860
4 1933 1860
4 1933 1860
2 1998 1190
2 1998 1190
2 1998 1190
3 1459 1637
3 1459 1637
3 1459 1637
4 1932 1848
4 1932 1848
4 1932 1848
4 1932 1848
0 1521 1353
0 1521 1353
0 1521 1353
2 1996 1177
2 1996 1177
2 1996 1177
3 1458 1626
3 1458 1626
3 1458 1626
4 1931 1834
4 1931 1834
4 1931 1834
4 1931 1834
4 1931 1834
1 1734 1233
1 1734 1233
1 1734 1233
2 1994 1164
2 1994 1164
2 1994 1164
4 1930 1819
4 1930 1819
4 1930 1819
4 1930 1819
2 1992 1149
2 1992 1149
2 1992 1149
3 1457 1605
3 1457 1605
3 1457 1605
4 1929 1800
4 1929 1800
4 1929 1800
4 1929 1800
2 1991 1131
2 1991 1131
2 1991 1131
0 1522 1294
0 1522 1294
0 1522 1294
2 1990 1111
2 1990 1111
2 1990 1111
3 1458 1572
3 1458 1572
3 1458 1572
0 1523 1270
0 1523 1270
0 1523 1270
2 1989 1087
2 1989 1087
2 1989 1087
3 1459 1548
3 1459 1548
3 1459 1548
0 1525 1247
0 1525 1247
0 1525 1247
1 1735 1139
1 1735 1139
1 1735 1139
2 1990 1061
2 1990 1061
2 1990 1061
3 1460 1522
3 1460 1522
3 1460 1522
0 1526 1222
0 1526 1222
0 1526 1222
1 1737 1113
1 1737 1113
1 1737 1113
2 1991 1035
2 1991 1035
2 1991 1035
0 1528 1192
0 1528 1192
0 1528 1192
1 1739 1083
1 1739 1083
1 1739 1083
2 1992 1008
2 1992 1008
2 1992 1008
0 1530 1161
0 1530 1161
0 1530 1161
1 1742 1050
1 1742 1050
1 1742 1050
2 1994 979
2 1994 979
2 1994 979
3 1461 1435
3 1461 1435
3 1461 1435
4 1930 1624
4 1930 1624
4 1930 1624
4 1930 1624
4 1930 1624
0 1532 1130
0 1532 1130
0 1532 1130
1 1743 1020
1 1743 1020
1 1743 1020
2 1997 949
2 1997 949
2 1997 949
0 1535 1096
0 1535 1096
0 1535 1096
1 1745 993
1 1745 993
1 1745 993
2 2000 918
2 2000 918
2 2000 918
0 1537 1066
0 1537 1066
0 1537 1066
1 1747 958
1 1747 958
1 1747 958
2 2003 885
2 2003 885
2 2003 885
4 1931 1524
4 1931 1524
4 1931 1524
4 1931 1524
4 1931 1524
0 1540 1031
0 1540 1031
0 1540 1031
1 1749 920
1 1749 920
1 1749 920
2 2005 851
2 2005 851
2 2005 851
0 1542 996
0 1542 996
0 1542 996
1 1751 886
1 1751 886
1 1751 886
2 2007 820
2 2007 820
2 2007 820
3 1462 1273
3 1462 1273
3 1462 1273
4 1932 1455
4 1932 1455
4 1932 1455
4 1932 1455
4 1932 1455
0 1546 960
0 1546 960
0 1546 960
1 1753 852
1 1753 852
1 1753 852
2 2009 785
2 2009 785
2 2009 785
3 1463 1239
3 1463 1239
3 1463 1239
0 1549 924
0 1549 924
0 1549 924
1 1754 818
1 1754 818
1 1754 818
2 2011 746
2 2011 746
2 2011 746
4 1933 1390
4 1933 1390
4 1933 1390
4 1933 1390
4 1933 1390
0 1551 889
0 1551 889
0 1551 889
1 1755 779
1 1755 779
1 1755 779
2 2013 712
2 2013 712
2 2013 712
0 1554 852
0 1554 852
0 1554 852
1 1757 744
1 1757 744
1 1757 744
2 2014 677
2 2014 677
2 2014 677
3 1462 1138
3 1462 1138
3 1462 1138
4 1934 1322
4 1934 1322
4 1934 1322
4 1934 1322
4 1934 1322
0 1555 819
0 1555 819
0 1555 819
1 1758 714
1 1758 714
1 1758 714
2 2015 638
2 2015 638
2 2015 638
3 1461 1104
3 1461 1104
3 1461 1104
4 1935 1287
4 1935 1287
4 1935 1287
4 1935 1287
4 1935 1287
0 1558 780
0 1558 780
0 1558 780
1 1759 680
1 1759 680
1 1759 680
3 1459 1074
3 1459 1074
3 1459 1074
4 1936 1253
4 1936 1253
4 1936 1253
4 1936 1253
4 1936 1253
0 1560 745
0 1560 745
0 1560 745
1 1760 646
1 1760 646
1 1760 646
2 2016 570
2 2016 570
2 2016 570
3 1457 1044
3 1457 1044
3 1457 1044
0 1561 710
0 1561 710
0 1561 710
1 1761 611
1 1761 611
1 1761 611
2 2017 535
2 2017 535
2 2017 535
3 1456 1013
3 1456 1013
3 1456 1013
0 1563 671
0 1563 671
0 1563 671
1 1762 576
1 1762 576
1 1762 576
2 2019 496
2 2019 496
2 2019 496
3 1455 972
3 1455 972
3 1455 972
0 1564 632
0 1564 632
0 1564 632
1 1763 536
1 1763 536
1 1763 536
2 2021 462
2 2021 462
2 2021 462
3 1456 931
3 1456 931
3 1456 931
0 1565 593
0 1565 593
0 1565 593
1 1765 501
1 1765 501
1 1765 501
2 2024 427
2 2024 427
2 2024 427
3 1457 895
3 1457 895
3 1457 895
4 1937 1076
4 1937 1076
4 1937 1076
4 1937 1076
4 1937 1076
0 1567 559
0 1567 559
0 1567 559
1 1766 460
1 1766 460
1 1766 460
2 2029 388
2 2029 388
2 2029 388
3 1459 852
3 1459 852
3 1459 852
4 1938 1040
4 1938 1040
4 1938 1040
4 1938 1040
4 1938 1040
0 1568 520
0 1568 520
0 1568 520
1 1767 420
1 1767 420
1 1767 420
2 2034 345
2 2034 345
2 2034 345
3 1461 813
3 1461 813
3 1461 813
3 1461 813
4 1940 1001
4 1940 1001
4 1940 1001
4 1940 1001
4 1940 1001
0 1570 480
0 1570 480
0 1570 480
1 1768 390
1 1768 390
1 1768 390
2 2038 306
2 2038 306
2 2038 306
3 1463 775
3 1463 775
3 1463 775
3 1463 775
4 1943 962
4 1943 962
4 1943 962
4 1943 962
4 1943 962
0 1572 445
0 1572 445
0 1572 445
1 1770 351
1 1770 351
1 1770 351
2 2043 272
2 2043 272
2 2043 272
3 1466 732
3 1466 732
3 1466 732
3 1466 732
4 1946 919
4 1946 919
4 1946 919
4 1946 919
4 1946 919
4 1946 919
0 1575 400
0 1575 400
0 1575 400
1 1775 308
1 1775 308
1 1775 308
2 2049 233
2 2049 233
2 2049 233
3 1469 693
3 1469 693
3 1469 693
3 1469 693
4 1948 881
4 1948 881
4 1948 881
4 1948 881
4 1948 881
0 1579 356
0 1579 356
0 1579 356
1 1780 265
1 1780 265
1 1780 265
2 2054 194
2 2054 194
2 2054 194
3 1472 653
3 1472 653
3 1472 653
4 1949 841
4 1949 841
4 1949 841
4 1949 841
4 1949 841
0 1584 318
0 1584 318
0 1584 318
1 1786 222
1 1786 222
1 1786 222
2 2058 159
2 2058 159
2 2058 159
3 1475 609
3 1475 609
3 1475 609
4 1951 802
4 1951 802
4 1951 802
4 1951 802
4 1951 802
0 1591 274
0 1591 274
0 1591 274
1 1792 183
1 1792 183
1 1792 183
2 2064 107
2 2064 107
2 2064 107
3 1478 570
3 1478 570
3 1478 570
4 1954 763
4 1954 763
4 1954 763
4 1954 763
4 1954 763
0 1597 231
0 1597 231
0 1597 231
1 1800 144
1 1800 144
1 1800 144
2 2070 63
2 2070 63
2 2070 63
2 2070 63
3 1481 526
3 1481 526
3 1481 526
4 1957 719
4 1957 719
4 1957 719
4 1957 719
4 1957 719
0 1605 189
0 1605 189
0 1605 189
1 1808 95
1 1808 95
1 1808 95
2 2080 0
2 2080 0
2 2080 0
2 2080 0
2 2080 0
3 1485 483
3 1485 483
3 1485 483
4 1961 680
4 1961 680
4 1961 680
4 1961 680
4 1961 680
0 1612 146
0 1612 146
0 1612 146
1 1812 59
1 1812 59
1 1812 59
1 1812 59
3 1489 445
3 1489 445
3 1489 445
4 1965 641
4 1965 641
4 1965 641
4 1965 641
4 1965 641
0 1618 96
0 1618 96
0 1618 96
1 1818 0
1 1818 0
1 1818 0
1 1818 0
1 1818 0
3 1495 401
3 1495 401
3 1495 401
4 1969 597
4 1969 597
4 1969 597
4 1969 597
4 1969 597
0 1622 59
0 1622 59
0 1622 59
0 1622 59
3 1499 358
3 1499 358
3 1499 358
4 1972 558
4 1972 558
4 1972 558
4 1972 558
4 1972 558
0 1630 0
0 1630 0
0 1630 0
0 1630 0
0 1630 0
3 1501 320
3 1501 320
3 1501 320
4 1977 519
4 1977 519
4 1977 519
4 1977 519
4 1977 519
3 1504 276
3 1504 276
3 1504 276
4 1981 476
4 1981 476
4 1981 476
4 1981 476
4 1981 476
3 1507 235
3 1507 235
3 1507 235
4 1986 433
4 1986 433
4 1986 433
4 1986 433
4 1986 433
3 1511 200
3 1511 200
3 1511 200
4 1992 390
4 1992 390
4 1992 390
4 1992 390
4 1992 390
3 1516 157
3 1516 157
3 1516 157
4 1998 347
4 1998 347
4 1998 347
4 1998 347
4 1998 347
3 1521 114
3 1521 114
3 1521 114
4 2003 309
4 2003 309
4 2003 309
4 2003 309
4 2003 309
3 1526 75
3 1526 75
3 1526 75
3 1526 75
3 1526 75
4 2008 271
4 2008 271
4 2008 271
4 2008 271
4 2008 271
3 1539 0
3 1539 0
3 1539 0
3 1539 0
3 1539 0
3 1539 0
4 2013 233
4 2013 233
4 2013 233
4 2013 233
4 2013 233
4 2017 194
4 2017 194
4 2017 194
4 2017 194
4 2017 194
4 2025 194
4 2025 129
4 2025 129
4 2025 129
4 2025 129
4 2025 129
4 2033 129
4 2033 62
4 2033 62
4 2033 62
4 2033 62
4 2033 62
4 2039 62
4 2039 25
4 2039 25
4 2039 25
4 2039 25
4 2039 25
4 2039 25
4 2039 25
